0.735044 0.732873 -1.067897
0.272096 0.242793 -0.737276
0.468991 0.591933 -0.402843
0.271705 0.252175 -0.732610
0.875288 0.770127 0.013251
0.437344 0.089449 -0.480355
0.534838 0.383055 0.055029
0.874682 0.630295 -1.475405
0.330433 0.130439 -0.726255
0.234067 0.857492 0.283021
0.142539 0.068965 -0.962348
0.972235 0.803778 -1.288337
0.482817 0.448989 0.002053
0.422902 0.287479 -0.398871
0.047049 0.817681 0.425519
0.002854 0.752674 -0.041321
0.467837 0.273868 -0.299519
0.800404 0.573706 -1.598158
0.399530 0.633663 -0.165827
0.195282 0.960076 0.240670
0.761389 0.380027 0.485500
0.582740 0.397363 0.156343
0.430746 0.486525 0.005730
0.085208 0.877130 0.815259
0.014625 0.265281 -0.714208
0.351840 0.198967 -0.665841
0.365675 0.707072 -0.286147
0.646121 0.680565 -2.003475
0.774322 0.656089 -1.809324
0.637849 0.270202 0.158362
0.213252 0.215531 -0.857575
0.135598 0.615157 0.399869
0.869420 0.562613 -1.542791
0.418145 0.797303 -1.349378
0.346663 0.907562 -1.183246
0.643589 0.117295 -0.110345
0.803863 0.623236 -1.828671
0.287384 0.302028 -0.583990
0.185111 0.800982 0.805467
0.980132 0.381913 0.624071
0.164580 0.565123 0.282728
0.811619 0.097938 0.053361
0.115409 0.261954 -0.769138
0.551632 0.227037 -0.157703
0.527979 0.716619 -1.731251
0.180670 0.188049 -0.899863
0.210820 0.047984 -0.871145
0.514462 0.207727 -0.278422
0.205347 0.942326 0.207534
0.858889 0.710673 -0.382849
0.953584 0.007876 -0.004800
0.883228 0.645284 -1.244095
0.330242 0.241331 -0.670832
0.456603 0.687659 -1.023624
0.247039 0.467622 -0.031206
0.069360 0.495162 -0.130263
0.513282 0.296163 -0.122767
0.811008 0.844509 -0.660305
0.237517 0.091699 -0.881337
0.530588 0.648704 -1.280981
0.655126 0.461904 -0.007559
0.673278 0.718442 -1.712918
0.010575 0.768619 0.022181
0.722807 0.637951 -1.952125
0.069947 0.474558 -0.211714
0.226327 0.460796 -0.065568
0.416179 0.223919 -0.504731
0.438863 0.990954 0.245963
0.140574 0.090289 -0.982236
0.557170 0.467457 -0.024106
0.820819 0.442019 0.096089
0.855889 0.624923 -1.618535
0.580904 0.643630 -1.580143
0.526982 0.899019 -0.118036
0.835540 0.494532 -0.637034
0.172044 0.289758 -0.716718
0.889105 0.410538 0.385751
0.528181 0.432565 0.035328
0.187918 0.231814 -0.829399
0.834368 0.387199 0.541424
0.741893 0.823235 0.040291
0.581473 0.186449 -0.142203
0.325352 0.541907 0.198648
0.262824 0.562792 0.335809
0.977844 0.185796 0.449323
0.240171 0.432446 -0.177540
0.493832 0.108905 -0.404880
0.375839 0.723530 -0.494417
0.621493 0.503844 -0.352249
0.370145 0.896003 -1.258713
0.070587 0.247492 -0.793503
0.282419 0.172685 -0.797601
0.305256 0.811694 -0.296817
0.743345 0.760590 -0.537099
0.482049 0.246177 -0.336107
0.639574 0.995681 -1.037982
0.698977 0.605511 -1.720219
0.553597 0.047096 -0.250998
0.167479 0.276524 -0.744239
0.195238 0.684027 0.698792
0.814199 0.776769 0.008243
0.779806 0.228681 0.364474
0.683264 0.684648 -1.942283
0.813350 0.143091 0.153440
0.756599 0.792534 -0.072300
0.341836 0.163696 -0.681503
0.053524 0.523657 -0.100364
0.931068 0.417028 0.295312
0.026100 0.879983 0.273960
0.262094 0.875357 -0.160542
0.237531 0.380385 -0.377740
0.521086 0.512415 -0.156830
0.090230 0.028318 -0.972731
0.098194 0.019741 -0.957368
0.423874 0.213940 -0.497726
0.454233 0.373904 -0.142082
0.252664 0.809850 0.322325
0.348907 0.848547 -1.008940
0.645726 0.283355 0.204409
0.525310 0.556502 -0.443765
0.250901 0.129517 -0.844053
0.052492 0.097511 -0.992505
0.863088 0.633060 -1.524444
0.690023 0.794463 -0.425692
0.805303 0.285751 0.602950
0.309532 0.374942 -0.352495
0.281613 0.358997 -0.426455
0.126343 0.123414 -0.964450
0.709853 0.890151 -0.288990
0.234465 0.648263 0.580265
0.553544 0.055396 -0.274619
0.886780 0.079195 0.063270
0.881659 0.538745 -1.312441
0.231805 0.401179 -0.292293
0.496623 0.793435 -1.616461
0.737152 0.652487 -1.935542
0.466086 0.684357 -1.054292
0.255881 0.208662 -0.811300
0.429422 0.863271 -1.348465
0.993350 0.562259 -1.387592
0.881356 0.228866 0.552377
0.713053 0.445883 0.095137
0.831207 0.321214 0.692605
0.677753 0.083541 -0.115449
0.739024 0.791000 -0.150384
0.848194 0.981409 -0.654412
0.149135 0.541207 0.169888
0.635191 0.541557 -0.743116
0.092042 0.141361 -0.964638
0.247610 0.164373 -0.860905
0.909908 0.454838 -0.166162
0.154823 0.446447 -0.203395
0.117335 0.484087 -0.085573
0.385326 0.051117 -0.560821
0.549076 0.675043 -1.634080
0.936377 0.078803 0.062892
0.425435 0.878568 -1.256199
0.439119 0.167219 -0.513514
0.359733 0.741529 -0.454405
0.733640 0.513506 -0.682188
0.713381 0.473568 -0.184797
0.026516 0.331932 -0.592158
0.296506 0.171866 -0.786703
0.221358 0.330206 -0.556273
0.741026 0.810013 0.013842
0.976065 0.733697 0.192783
0.606368 0.587095 -1.140475
0.368793 0.388133 -0.237052
0.606521 0.671956 -1.905665
0.998019 0.444504 -0.171355
0.028690 0.100913 -0.968538
0.725863 0.939847 -1.396666
0.866691 0.490193 -0.618075
0.490869 0.756562 -1.660073
0.125543 0.141665 -0.959324
0.108439 0.658340 0.446343
0.716991 0.598802 -1.735959
0.918799 0.865157 -1.982836
0.872219 0.096795 0.072384
0.918720 0.229092 0.597174
0.801114 0.361540 0.612009
0.462782 0.637304 -0.678429
0.604773 0.243679 0.012098
0.892590 0.582855 -1.623053
0.922127 0.812042 -1.080010
0.824796 0.960857 -1.485927
0.920347 0.190837 0.417937
0.886796 0.065215 0.011833
0.576441 0.822286 -0.888234
0.067836 0.499950 -0.113043
0.554510 0.853140 -0.577100
0.378176 0.558772 0.119718
0.886091 0.338214 0.777535
0.056198 0.777401 0.424510
0.686509 0.723763 -1.593505
0.633870 0.465577 -0.029766
0.465353 0.764396 -1.534886
0.372247 0.673560 -0.148913
0.562260 0.586970 -0.888478
0.418183 0.546485 0.007662
0.551346 0.352827 0.061898
0.572424 0.999306 0.021823
0.155249 0.138211 -0.944908
0.810886 0.515280 -0.878778
0.673713 0.069975 -0.120346
0.530936 0.424530 0.059837
0.496434 0.239200 -0.284264
0.853152 0.354046 0.702317
0.325968 0.045047 -0.661854
0.501483 0.189434 -0.346026
0.647184 0.080718 -0.137734
0.166209 0.502867 0.039081
0.451343 0.811533 -1.520437
0.014496 0.848509 0.138753
0.130226 0.271144 -0.759061
0.297691 0.954800 -1.006447
0.370184 0.340459 -0.379673
0.271913 0.549604 0.269208
0.261891 0.309575 -0.610792
0.482348 0.785169 -1.645272
0.581151 0.869008 -0.093926
0.426493 0.374303 -0.189582
0.909074 0.478989 -0.530239
0.961321 0.187367 0.475822
0.824863 0.915510 -1.970041
0.925900 0.498958 -0.858937
0.071410 0.622888 0.192794
0.488632 0.429183 0.008091
0.878147 0.995819 -0.049170
0.469194 0.077758 -0.429705
0.700160 0.608458 -1.753801
0.309092 0.123439 -0.763158
0.027746 0.363127 -0.519356
0.260332 0.502286 0.114076
0.595040 0.453053 0.039208
0.581349 0.870939 -0.050857
0.654051 0.514019 -0.492085
0.137285 0.245794 -0.793410
0.034650 0.324801 -0.587769
0.998599 0.973728 -0.261103
0.819285 0.419751 0.321189
0.197368 0.618603 0.523738
0.007968 0.101538 -0.940602
0.312719 0.969967 -1.125873
0.542294 0.026123 -0.261357
0.349526 0.277645 -0.570098
0.500463 0.013588 -0.299278
0.223193 0.802727 0.584875
0.470838 0.427290 0.014313
0.972498 0.463704 -0.412254
0.328021 0.563779 0.226860
0.823627 0.158910 0.201471
0.848621 0.485444 -0.523368
0.474557 0.447826 0.007821
0.162145 0.594823 0.385779
0.980544 0.205297 0.564086
0.571293 0.131779 -0.244777
0.108140 0.648306 0.421644
0.182602 0.252795 -0.786912
0.861083 0.198975 0.409421
0.060452 0.670201 0.255102
0.530983 0.478659 -0.053538
0.419160 0.005971 -0.425207
0.403320 0.676590 -0.462806
0.018739 0.393918 -0.428914
0.521882 0.147280 -0.319416
0.919137 0.811747 -1.037738
0.838949 0.006747 -0.022931
0.094007 0.592992 0.211095
0.530471 0.922072 0.248885
0.362429 0.428290 -0.102520
0.162913 0.581953 0.338712
0.864824 0.413745 0.376179
0.157113 0.467321 -0.117533
0.510771 0.464131 -0.009689
0.764806 0.568119 -1.477214
0.418155 0.611512 -0.203342
0.971155 0.534177 -1.314922
0.111087 0.588536 0.234984
0.364430 0.199284 -0.653962
0.873711 0.984073 -0.291791
0.422455 0.031781 -0.456101
0.306186 0.204163 -0.744366
0.105563 0.222768 -0.860321
0.698538 0.883424 -0.082400
0.248503 0.469477 -0.021002
0.849119 0.599423 -1.711756
0.144506 0.087130 -0.958684
0.190016 0.369215 -0.452860
0.088990 0.678549 0.414065
0.290697 0.343905 -0.455160
0.380585 0.560462 0.098824
0.205766 0.956635 0.125953
0.512170 0.796636 -1.585789
0.727524 0.683086 -1.804171
0.574223 0.646927 -1.577535
0.538863 0.459452 0.000114
0.223827 0.507155 0.108435
0.610492 0.707193 -1.952686
0.141948 0.747677 0.785289
0.627513 0.013464 -0.161914
0.461330 0.910065 -0.644325
0.927358 0.173588 0.371605
0.229891 0.487704 0.034829
0.525953 0.779729 -1.660115
0.225184 0.670208 0.620821
0.812811 0.315614 0.661201
0.744035 0.020551 -0.083302
0.626092 0.957233 -0.168129
0.879135 0.173384 0.318034
0.081867 0.851005 0.754122
0.588403 0.641247 -1.605122
0.161075 0.494052 0.001740
0.965584 0.767953 -0.361007
0.829574 0.260058 0.550816
0.722758 0.755899 -0.790325
0.732458 0.784125 -0.277331
0.104875 0.792071 0.768529
0.494860 0.237957 -0.308933
0.177869 0.113640 -0.938677
0.207692 0.345865 -0.515823
0.745795 0.520005 -0.799143
0.129546 0.554496 0.199229
0.114875 0.488500 -0.078675
0.202072 0.925859 0.337081
0.334185 0.636650 0.225137
0.516116 0.655491 -1.235364
0.796892 0.089915 0.030652
0.090633 0.650870 0.361629
0.634256 0.570423 -1.086896
0.135065 0.777923 0.823315
0.864056 0.112535 0.101737
0.183362 0.074073 -0.923264
0.759368 0.523817 -0.895787
0.382147 0.707055 -0.451362
0.827962 0.081035 0.016979
0.919296 0.804805 -0.846094
0.103095 0.166244 -0.935224
0.413042 0.429091 -0.064378
0.391718 0.484934 0.038335
0.160784 0.380025 -0.417943
0.714284 0.268747 0.355283
0.282743 0.855706 -0.312665
0.507954 0.945553 0.373587
0.450300 0.389557 -0.091420
0.482362 0.048205 -0.370216
0.280208 0.222855 -0.767218
0.539528 0.983713 0.579480
0.564227 0.561117 -0.638205
0.193104 0.389950 -0.381004
0.825963 0.168359 0.237892
0.698251 0.418384 0.259263
0.717603 0.369154 0.457218
0.358684 0.861788 -1.140784
0.152494 0.584131 0.337128
0.479438 0.333669 -0.158960
0.551672 0.686262 -1.711334
0.518461 0.495831 -0.083861
0.373592 0.869931 -1.254317
0.161195 0.429530 -0.244653
0.134027 0.655378 0.514499
0.453960 0.051641 -0.449497
0.280492 0.968109 -0.929251
0.731063 0.252680 0.353844
0.612215 0.566717 -0.935566
0.301500 0.823770 -0.319065
0.965173 0.941638 -0.231294
0.330878 0.223978 -0.706879
0.797287 0.226071 0.413852
0.935272 0.725147 0.197334
0.281498 0.682264 0.431295
0.999690 0.034790 0.021713
0.032740 0.368383 -0.519594
0.226657 0.217067 -0.842724
0.150242 0.138494 -0.949726
0.476355 0.982471 0.559676
0.398140 0.245750 -0.500293
0.926665 0.409506 0.394980
0.394451 0.484549 0.036859
0.078449 0.762065 0.549267
0.695760 0.933368 -0.849776
0.468821 0.488589 -0.006790
0.173899 0.864101 0.819604
0.971278 0.015344 -0.030927
0.244910 0.078605 -0.850396
0.633188 0.720319 -1.867937
0.385530 0.159968 -0.617305
0.406379 0.521576 0.075260
0.674683 0.350117 0.365512
0.696075 0.069623 -0.067395
0.966939 0.370579 0.704024
0.047576 0.062531 -0.986257
0.586715 0.191544 -0.133724
0.699221 0.382415 0.389956
0.843845 0.842345 -0.993641
0.536811 0.945276 0.507776
0.785104 0.344840 0.630282
0.801350 0.742968 -0.350586
0.138936 0.136695 -0.959837
0.571274 0.641540 -1.491483
0.872593 0.167039 0.281957
0.750763 0.068435 -0.041664
0.976243 0.388485 0.551682
0.362524 0.784884 -0.761474
0.962087 0.486343 -0.746114
0.829823 0.620356 -1.762583
0.132545 0.487518 -0.044761
0.531900 0.321796 -0.045331
0.889974 0.401148 0.479204
0.841263 0.031378 0.001681
0.966395 0.560960 -1.445021
0.431491 0.088596 -0.521494
0.511656 0.012506 -0.288781
0.894211 0.051375 0.009921
0.849745 0.166455 0.245493
0.227512 0.241275 -0.795865
0.607892 0.711139 -1.954330
0.379922 0.088543 -0.584598
0.651341 0.911369 0.093915
0.023906 0.130852 -0.937028
0.170593 0.559322 0.275054
0.021836 0.411761 -0.404360
0.040020 0.652932 0.109936
0.902404 0.602567 -1.550189
0.028351 0.562383 -0.096212
0.413960 0.336797 -0.300876
0.361057 0.745101 -0.492736
0.919372 0.086954 0.099123
0.875569 0.212735 0.469210
0.141542 0.048166 -0.951469
0.375439 0.132806 -0.633941
0.769888 0.876734 -0.832695
0.782831 0.142165 0.108491
0.434882 0.712151 -1.029424
0.344697 0.389583 -0.257999
0.633060 0.094547 -0.148128
0.333268 0.195338 -0.733449
0.346655 0.426167 -0.130158
0.953352 0.715966 0.223520
0.397596 0.775548 -1.072860
0.492685 0.299675 -0.194188
0.686390 0.497081 -0.351846
0.765529 0.941355 -1.804945
0.436929 0.045022 -0.442727
0.051168 0.585920 0.022836
0.288910 0.176207 -0.782854
0.785653 0.631677 -1.865737
0.141997 0.490452 -0.040560
0.067737 0.566138 0.035570
0.410410 0.515650 0.038137
0.166599 0.316434 -0.637408
0.732052 0.757454 -0.703834
0.932661 0.149353 0.269774
0.005154 0.869776 0.032339
0.048547 0.154046 -0.933127
0.805177 0.365222 0.603636
0.567391 0.958148 0.488018
0.865114 0.200234 0.435002
0.501777 0.301566 -0.156135
0.612173 0.818332 -0.649427
0.080058 0.303443 -0.659137
0.148827 0.335942 -0.593932
0.417591 0.580458 -0.075781
0.603345 0.014747 -0.188100
0.378914 0.013846 -0.505296
0.193666 0.343433 -0.544567
0.412956 0.092198 -0.546936
0.627914 0.829071 -0.333412
0.479016 0.631750 -0.734513
0.974368 0.619462 -0.924868
0.847223 0.208354 0.417401
0.682791 0.279733 0.292435
0.090821 0.006417 -0.950928
0.431043 0.077052 -0.469267
0.146792 0.130227 -0.952990
0.737102 0.994597 -1.600874
0.657464 0.414260 0.227154
0.396525 0.609706 -0.055970
0.371227 0.455247 -0.030862
0.905954 0.496686 -0.798041
0.332248 0.393274 -0.253391
0.590843 0.409287 0.161241
0.486781 0.494274 -0.043803
0.011161 0.108272 -0.973530
0.593863 0.837409 -0.494905
0.188309 0.204536 -0.878678
0.543346 0.377447 0.069218
0.724535 0.446497 0.078598
0.975386 0.981673 -0.197073
0.660722 0.385084 0.294708
0.835425 0.700788 -0.773611
0.092526 0.324177 -0.602021
0.316157 0.320449 -0.491316
0.346524 0.121801 -0.694319
0.800785 0.585646 -1.702743
0.607040 0.892265 0.288690
0.870368 0.514170 -0.979885
0.057078 0.898137 0.637760
0.000944 0.671684 -0.102174
0.230271 0.113740 -0.888575
