-7.949834431732852869e-01
-8.480419103653785706e-01
-8.940759667963096291e-01
-9.276836107850743307e-01
-9.449325927753867704e-01
-9.447833744038501846e-01
-9.294291649285817414e-01
-9.034016945208260818e-01
-8.718657781592501488e-01
-8.388869357436192775e-01
-8.064161879475907346e-01
-7.743274640639261630e-01
-7.412993040277943146e-01
-7.059500053594549573e-01
-6.676040203579698407e-01
-6.263721871981225986e-01
-5.826730216650680694e-01
-5.366505019277959532e-01
-4.879803897145613689e-01
-4.362930383431322112e-01
-3.820272308300305952e-01
-3.271972766281575073e-01
-2.754995285002755923e-01
-2.314658293517996290e-01
-1.988747265693420752e-01
-1.791031394380819264e-01
-1.702669479881147863e-01
-1.677142749139523825e-01
-1.657925516891030071e-01
-1.601254004715099710e-01
-1.492939070358766940e-01
-1.350534430003448860e-01
-1.209538499516560756e-01
-1.100891293380870384e-01
-1.032020952410086095e-01
-9.820464430944780831e-02
-9.140694675390829971e-02
-7.978921191703976235e-02
-6.303193994183217685e-02
-4.410009484798945584e-02
-2.792596373131470133e-02
-1.875736681543884940e-02
-1.748571597812459411e-02
-2.034545876869910466e-02
-1.974524471748619406e-02
-6.981442363198885059e-03
2.429449728122528088e-02
7.531412199221143577e-02
1.412542898422650128e-01
2.124376315381013569e-01
2.771180026844309863e-01
-8.510815808300968843e-01
-8.950816877062175436e-01
-9.319926062453333104e-01
-9.576506678567549002e-01
-9.691978753008027025e-01
-9.662512122998592190e-01
-9.510421327012392734e-01
-9.274593080751031282e-01
-8.994726711284407594e-01
-8.697143507287469211e-01
-8.388792711709291972e-01
-8.061513890585561004e-01
-7.703175403706683522e-01
-7.308963051622606732e-01
-6.886530935415569044e-01
-6.452510032976157550e-01
-6.022821436903882386e-01
-5.602713352805938074e-01
-5.182680622923842018e-01
-4.743349718398053305e-01
-4.267551092058772255e-01
-3.753566366009346567e-01
-3.222155434772131510e-01
-2.712437045293809024e-01
-2.267156461932375855e-01
-1.913754598197030254e-01
-1.650757515495404337e-01
-1.447205323041460545e-01
-1.256515794567595046e-01
-1.038415527405709277e-01
-7.777006806137166939e-02
-4.897088428480709382e-02
-2.093235634494761827e-02
3.055546955644164626e-03
2.190436287133666962e-02
3.743620123484517337e-02
5.337233759092965824e-02
7.315536195181075729e-02
9.784464775365347977e-02
1.253198404509515140e-01
1.513252486483823711e-01
1.718751808385262092e-01
1.857720968100165515e-01
1.958802429252849142e-01
2.083983597546151534e-01
2.303610225069518125e-01
2.664586716111355114e-01
3.165823486300377021e-01
3.751503156756449964e-01
4.324724897665485623e-01
4.775606668791647635e-01
-8.951539249071740478e-01
-9.312747869969364434e-01
-9.603812937451606802e-01
-9.794525260161337510e-01
-9.865554891106906865e-01
-9.817701087762782386e-01
-9.671805848988931364e-01
-9.459366129044279869e-01
-9.208783302808137838e-01
-8.934448251807504127e-01
-8.634197230593829708e-01
-8.296037345464963852e-01
-7.910032727570518452e-01
-7.478580778643947324e-01
-7.019312025675986666e-01
-6.558836370021650097e-01
-6.120388907802704059e-01
-5.711697477053315763e-01
-5.319574079678195400e-01
-4.914738400636108340e-01
-4.465506991946761040e-01
-3.954380988822874254e-01
-3.389458776071890833e-01
-2.804332959797239955e-01
-2.245357314557954731e-01
-1.751638393098656765e-01
-1.337469663591217550e-01
-9.864529042015791893e-02
-6.609025487511893671e-02
-3.219869564415211993e-02
5.007317091090034665e-03
4.468061148743058403e-02
8.383808939537078231e-02
1.192572732564837756e-01
1.494794948720345185e-01
1.757501761940713780e-01
2.013408137340241544e-01
2.296419518122555792e-01
2.621410782387686988e-01
2.974816998892884090e-01
3.321922852258628045e-01
3.627250181485754954e-01
3.876907598258453325e-01
4.090339323667120941e-01
4.314275084355126966e-01
4.600831880808182728e-01
4.979775572318127508e-01
5.437874873651048491e-01
5.914907610634891899e-01
6.318260523621485047e-01
6.550108929924000067e-01
-9.245322613692980029e-01
-9.546445535134592264e-01
-9.778710431205133169e-01
-9.921661092816610461e-01
-9.963325018697004598e-01
-9.907221268180324003e-01
-9.771347821589424498e-01
-9.579726238523825765e-01
-9.351208201414457077e-01
-9.091740264815031392e-01
-8.794300542315216518e-01
-8.446441558407258299e-01
-8.041230108660771814e-01
-7.585585319490001366e-01
-7.101374175185333204e-01
-6.618252174002561272e-01
-6.161275304722346746e-01
-5.738937930991426795e-01
-5.337454224006490389e-01
-4.924726337621564420e-01
-4.463346608804931170e-01
-3.927680731523487401e-01
-3.317462088165535339e-01
-2.660982459509063092e-01
-2.005235296616591778e-01
-1.396690519848036161e-01
-8.616195308964651189e-02
-3.958865093172708044e-02
3.028879061193181978e-03
4.549523639747406895e-02
9.037770516092243078e-02
1.377458904227667202e-01
1.853914766292679428e-01
2.303518628144654301e-01
2.708085718019975219e-01
3.072283889170991378e-01
3.420834157826023736e-01
3.783423539351572495e-01
4.176560279584045632e-01
4.593343932778425898e-01
5.007363277380131317e-01
5.388564994999843760e-01
5.721858071644420063e-01
6.017445438172500660e-01
6.306289343622371035e-01
6.622140981392578007e-01
6.978776651297080580e-01
7.353734930506015122e-01
7.686810747478218797e-01
7.894681347213495792e-01
7.895902702687154218e-01
-9.379523605697404065e-01
-9.643427371568704665e-01
-9.839340890032008957e-01
-9.954631187284112004e-01
-9.982920882850772060e-01
-9.929031931212297657e-01
-9.807446109590928218e-01
-9.635285193988308849e-01
-9.423983993620033139e-01
-9.174513393716401399e-01
-8.878881740275953449e-01
-8.527061066025737324e-01
-8.115554046583541847e-01
-7.653054849533442727e-01
-7.160199505296898081e-01
-6.663201046466733501e-01
-6.183837008161647830e-01
-5.729839773615063026e-01
-5.289874212545460086e-01
-4.835961576751710567e-01
-4.333595692094752705e-01
-3.756460378983033088e-01
-3.099834438192963781e-01
-2.386135329541854977e-01
-1.658727949645276145e-01
-9.655356649276458647e-02
-3.395851309699273596e-02
2.139463668966309212e-02
7.173296414795238274e-02
1.206570204890303893e-01
1.711737389878996152e-01
2.242047634337750728e-01
2.783621014377711256e-01
3.310419780682459234e-01
3.801268168473529996e-01
4.252612641276564687e-01
4.679673698960278294e-01
5.105899580705344221e-01
5.547661814870492591e-01
6.003724591483763362e-01
6.455786448168696623e-01
6.879473121483464793e-01
7.258783085435479565e-01
7.594880905253129644e-01
7.903391397387503625e-01
8.200954563696770672e-01
8.487964431553975952e-01
8.736790197612098741e-01
8.892261025627251625e-01
8.885325489034109347e-01
8.654698860655581916e-01
-9.358927854076884989e-01
-9.610377303292337858e-01
-9.793273377532630830e-01
-9.900930068196701628e-01
-9.931291060753697497e-01
-9.889881057762829331e-01
-9.787840877721687427e-01
-9.636450495551939222e-01
-9.441662478664810676e-01
-9.202012935558288032e-01
-8.911078791868584092e-01
-8.562935625926495486e-01
-8.157538173561211803e-01
-7.703307091032443044e-01
-7.215861355490862383e-01
-6.713558677813683540e-01
-6.211469056087807195e-01
-5.715652646773060619e-01
-5.219632765042159228e-01
-4.704883593375347450e-01
-4.146474897429682782e-01
-3.523166536777278535e-01
-2.828569791725225047e-01
-2.078052904420517322e-01
-1.306732520451134305e-01
-5.577434478019282355e-02
1.346482263353106744e-02
7.588641335421426881e-02
1.329310525620995831e-01
1.877031615080245186e-01
2.432598767668899820e-01
3.010545727918761405e-01
3.603690026113264833e-01
4.189813222170204465e-01
4.745987448891181848e-01
5.261701970586798449e-01
5.743244940739239413e-01
6.207497673196766819e-01
6.669730164957594631e-01
7.133228763908148196e-01
7.586880178907996486e-01
8.011514052527137775e-01
8.390294295690130522e-01
8.716080254521643145e-01
8.990725312998495422e-01
9.216347962754337653e-01
9.383628117275381042e-01
9.464277779199635754e-01
9.412938859887192145e-01
9.179048913031734314e-01
8.724276970717668167e-01
-9.203909808981644014e-01
-9.467780016572411306e-01
-9.660066712635838604e-01
-9.778289667497030990e-01
-9.824029250514406675e-01
-9.803847532555874933e-01
-9.726650577331050762e-01
-9.599382191278579279e-01
-9.424026619644702008e-01
-9.197890155800690914e-01
-8.916820646252384686e-01
-8.579122306239526097e-01
-8.187755629141340030e-01
-7.749908699123425615e-01
-7.274844938706155340e-01
-6.771622431850924384e-01
-6.247511710173955235e-01
-5.706736206455144123e-01
-5.148909749069392472e-01
-4.567640577166453553e-01
-3.951115993161032902e-01
-3.286396623904866976e-01
-2.566970180799386658e-01
-1.800088880150191861e-01
-1.008984503834373658e-01
-2.269471534453832567e-02
5.151299142559164629e-02
1.201641310291056974e-01
1.838334642490474791e-01
2.447674386058748264e-01
3.055728489593212971e-01
3.677818512566479736e-01
4.310881986284165190e-01
4.936417086519676589e-01
5.531598653205046512e-01
6.081584144596314800e-01
6.585863123761593885e-01
7.055576907384232266e-01
7.504289147487115397e-01
7.938260833020618357e-01
8.351889372031644498e-01
8.730200348449350667e-01
9.055725462906492051e-01
9.314618716614089244e-01
9.497828524447560206e-01
9.596738625165477377e-01
9.596566696345544267e-01
9.472594900937491014e-01
9.192997005677179256e-01
8.728459233624933367e-01
8.065021998409033221e-01
-8.944215069711618504e-01
-9.243840950824665503e-01
-9.465455354382402708e-01
-9.609080899336687187e-01
-9.679699267185540856e-01
-9.686068827638601997e-01
-9.636876523197479560e-01
-9.536768283213630237e-01
-9.385014325165348392e-01
-9.177734555325116617e-01
-8.912037672935696486e-01
-8.589060436544255772e-01
-8.213819780808098159e-01
-7.792321433171154332e-01
-7.328501442292356671e-01
-6.823568432576806453e-01
-6.278136183919980073e-01
-5.694985202477774733e-01
-5.079574286886091583e-01
-4.437304735538304401e-01
-3.769594406470654357e-01
-3.072473041880888212e-01
-2.340025576278245423e-01
-1.571335017590540784e-01
-7.763375659325986999e-02
2.413478647843364175e-03
8.053969937817898050e-02
1.549486772738753182e-01
2.252919476149034261e-01
2.926605851508204403e-01
3.587662547867665475e-01
4.247896919117309378e-01
4.905782961529763231e-01
5.546484292846523001e-01
6.149479903026779937e-01
6.698858941462073613e-01
7.190118775179936694e-01
7.629848719470962992e-01
8.029148285504318361e-01
8.395133625724906512e-01
8.725413828805775873e-01
9.007982612314067161e-01
9.225402582523840600e-01
9.359796723264259821e-01
9.395354402446558506e-01
9.317425647479405937e-01
9.110097759900385173e-01
8.755541179051256062e-01
8.237506493775729188e-01
7.548750427058502632e-01
6.699470114986456615e-01
-8.611250921630155819e-01
-8.966576543191656645e-01
-9.233518123366575292e-01
-9.412804724682216628e-01
-9.512749558032607133e-01
-9.545968782839279188e-01
-9.523649132056589695e-01
-9.450754283697555547e-01
-9.325181939368882844e-01
-9.141322879496462939e-01
-8.895438147912193561e-01
-8.588990585660047916e-01
-8.227613801638428148e-01
-7.816745841928354199e-01
-7.357600299735725935e-01
-6.846989298317300854e-01
-6.281528665126452360e-01
-5.663158311551780288e-01
-5.001528107397790190e-01
-4.310871324484218947e-01
-3.603105234867746698e-01
-2.881980496934607450e-01
-2.142717125013692547e-01
-1.377829553567805065e-01
-5.854025383917361297e-02
2.258272798794535782e-02
1.038169384922958127e-01
1.832443976157983045e-01
2.596297629030314136e-01
3.327943860329842241e-01
4.033054479325625108e-01
4.717089895697677004e-01
5.378221348748521979e-01
6.005361596324937379e-01
6.582309040867021510e-01
7.095086025403376517e-01
7.537750027348096848e-01
7.913232621641133058e-01
8.229028069588061323e-01
8.490581802058970728e-01
8.696184710918267724e-01
8.835741129290978213e-01
8.893170957925947695e-01
8.850243318516568536e-01
8.689493608136477087e-01
8.395387983045782265e-01
7.954809911455449356e-01
7.358818796250277128e-01
6.606825659319001121e-01
5.712371577802325406e-01
4.707883657448612702e-01
-8.232205952207297672e-01
-8.657640474783701023e-01
-8.980588023437298117e-01
-9.200592144167095698e-01
-9.329106515878348160e-01
-9.384294045117685945e-01
-9.382806072326568270e-01
-9.332918784515891186e-01
-9.232811681197936604e-01
-9.074654033338598325e-01
-8.851477680925614600e-01
-8.562107342118860931e-01
-8.210995553896399679e-01
-7.803642236805874433e-01
-7.341613397727353441e-01
-6.821498544425637078e-01
-6.239116018922029605e-01
-5.596079375003195633e-01
-4.903643788168585149e-01
-4.180332074310622592e-01
-3.444182663782818787e-01
-2.704454365923216197e-01
-1.958331923365792260e-01
-1.195015309948381649e-01
-4.047346975271121083e-02
4.129265720877863671e-02
1.246383535437022155e-01
2.076208369205242155e-01
2.882908355739716155e-01
3.653230419442711763e-01
4.381455131604959918e-01
5.065799557204789805e-01
5.703179668710582906e-01
6.286188207126481853e-01
6.804121536811336135e-01
7.246893461710398610e-01
7.608808789205626644e-01
7.889534644014359888e-01
8.091690603366352708e-01
8.216694367108861030e-01
8.261379290019441601e-01
8.217060290958202451e-01
8.070992799117792105e-01
7.808874580868280235e-01
7.417033851313602488e-01
6.884044002688411990e-01
6.202694289554520068e-01
5.373469130169761243e-01
4.409620598851731743e-01
3.342207978391388834e-01
2.222312193034468308e-01
-7.827924141561504179e-01
-8.330131336644968076e-01
-8.713296379429704697e-01
-8.974014598682626964e-01
-9.126400009581976391e-01
-9.195349777159131932e-01
-9.205500928183159015e-01
-9.171269757652458221e-01
-9.092954882060273469e-01
-8.960445197166349018e-01
-8.761626105395602382e-01
-8.489984978156462914e-01
-8.146932067606239558e-01
-7.738294398776616179e-01
-7.268555121698602184e-01
-6.737784762581050524e-01
-6.143883489406775089e-01
-5.488462060876457826e-01
-4.781628035525636866e-01
-4.041421303290402833e-01
-3.287371964814208569e-01
-2.531957511933583538e-01
-1.775511885735540085e-01
-1.008105494798909318e-01
-2.174944871953689990e-02
6.015322518499986032e-02
1.441731060080128080e-01
2.284530745338569091e-01
3.106289440678524638e-01
3.885567472475068285e-01
4.607473868918404714e-01
5.263643834720174164e-01
5.849266788291318520e-01
6.359924551971205542e-01
6.790260296454548872e-01
7.134614083059870326e-01
7.388269158545144322e-01
7.547829786616303549e-01
7.610310727459598246e-01
7.571731373693544320e-01
7.426387682821871117e-01
7.167325321364306223e-01
6.787524005842225927e-01
6.280859960425847488e-01
5.642468684926157385e-01
4.869245720635604902e-01
3.961912001472950862e-01
2.929551433260956794e-01
1.795861658578241649e-01
6.044971189652297017e-02
-5.799113555621342869e-02
-7.414150490403689231e-01
-7.990247630411254631e-01
-8.430650202338411114e-01
-8.727792970781347304e-01
-8.897691094563360270e-01
-8.972209499118523057e-01
-8.985273881225006587e-01
-8.959300826143287155e-01
-8.898229375879286307e-01
-8.790043917690899544e-01
-8.616490026848272477e-01
-8.363921827626297212e-01
-8.029215945941945431e-01
-7.618371701403598983e-01
-7.140282758345198877e-01
-6.600952017235591773e-01
-6.002371188439913352e-01
-5.346353785991947438e-01
-4.639735516543857519e-01
-3.896325526665246342e-01
-3.133453478472941200e-01
-2.365029032570213074e-01
-1.595740984594786749e-01
-8.204746606791483987e-02
-2.968367984378220831e-03
7.823128214699265337e-02
1.610814381221723768e-01
2.439381055267862974e-01
3.243808125467738113e-01
3.998745225778701506e-01
4.683421370450887022e-01
5.284222017541148064e-01
5.794036695978231899e-01
6.209829464461916748e-01
6.530057766224878213e-01
6.752770928652217508e-01
6.874409328286315013e-01
6.889146693083307849e-01
6.788952803911361134e-01
6.564764218424066211e-01
6.208752732518364459e-01
5.716847571518203219e-01
5.090132937339840735e-01
4.334187168242039645e-01
3.456833419625303105e-01
2.466278274998989217e-01
1.372058756369347321e-01
1.899679389258773429e-02
-1.050360695532984168e-01
-2.298879132575487871e-01
-3.483938605002562250e-01
-7.004002024140849603e-01
-7.640764844644785114e-01
-8.128108143955495857e-01
-8.454102118381895403e-01
-8.635787672955886896e-01
-8.711030832312982586e-01
-8.722521186121884318e-01
-8.700800962043893083e-01
-8.654015397920756802e-01
-8.568778222174643355e-01
-8.420779176654874520e-01
-8.188793591628968915e-01
-7.864512946556867501e-01
-7.453769704708309574e-01
-6.970193428586397566e-01
-6.426611301782558794e-01
-5.830005945428031744e-01
-5.182578471871072123e-01
-4.486928838554634646e-01
-3.750716203845010366e-01
-2.987026882773166081e-01
-2.210144390659608271e-01
-1.429854994042295546e-01
-6.484449666019569125e-02
1.373636307729553079e-02
9.305991865024360044e-02
1.727795435653868561e-01
2.515789369821659904e-01
3.273001037513119660e-01
3.974103858092499220e-01
4.595552121131735723e-01
5.119632891019342269e-01
5.535953899325781746e-01
5.840526816923924391e-01
6.033227509625136431e-01
6.114507608544789141e-01
6.082251621048350154e-01
5.929834032482247386e-01
5.646444395731801125e-01
5.220145955158571605e-01
4.642849689031970928e-01
3.915054687902800867e-01
3.047831548502514254e-01
2.060718116785414666e-01
9.765566977202887189e-02
-1.835195294951547443e-02
-1.401250540971567538e-01
-2.656693297917061547e-01
-3.919446879758551328e-01
-5.140227247214569362e-01
-6.248271308846022887e-01
-6.609321153203178145e-01
-7.283975408206304625e-01
-7.801339920342857948e-01
-8.146195411191491376e-01
-8.335838934001640332e-01
-8.412016291709504268e-01
-8.423638104812598559e-01
-8.407382880940114100e-01
-8.374782373522029477e-01
-8.311463216895507156e-01
-8.188156368055140577e-01
-7.977156085034573518e-01
-7.665507165452160043e-01
-7.258700841464382769e-01
-6.774476494660123249e-01
-6.231864618332226824e-01
-5.642572558302162422e-01
-5.009318065957940602e-01
-4.330737213154072229e-01
-3.608425159326755227e-01
-2.850991304670894011e-01
-2.072740825999044301e-01
-1.288519242369048912e-01
-5.086519632007008296e-02
2.625787887182729624e-02
1.024119722136070804e-01
1.772969652597149726e-01
2.499767223430232332e-01
3.187419414694674935e-01
3.813143688845985202e-01
4.352677055252222593e-01
4.784811668984248478e-01
5.094712036042839953e-01
5.275092886449462837e-01
5.324938022611234167e-01
5.246085077734214952e-01
5.038838607833743266e-01
4.698581781279625447e-01
4.215496334527665256e-01
3.578419580529582089e-01
2.781747105825713717e-01
1.832221916022182817e-01
7.518611067844127582e-02
-4.250864127693195632e-02
-1.660007600453961008e-01
-2.918435961206077844e-01
-4.174149847764327959e-01
-5.405912061976932970e-01
-6.588039738909419185e-01
-7.679894961122285535e-01
-8.620795521865965982e-01
-6.239864879048026003e-01
-6.922853066207158568e-01
-7.448496802773298953e-01
-7.800539366433436594e-01
-7.996033138384688321e-01
-8.077667442529230524e-01
-8.096380934283390340e-01
-8.091135046842510281e-01
-8.074698281491028418e-01
-8.031826951969133210e-01
-7.930225733600045901e-01
-7.738250131419008859e-01
-7.440102433061798193e-01
-7.041172005214596519e-01
-6.562052264396200929e-01
-6.026087221607858702e-01
-5.448318996865478825e-01
-4.831858842456275838e-01
-4.172521250939016935e-01
-3.467531073834517197e-01
-2.722301805576026745e-01
-1.951394382378039138e-01
-1.173939936366490133e-01
-4.071427922401282817e-02
3.379455938736639076e-02
1.056221105539898730e-01
1.744616690475749299e-01
2.397077263258471647e-01
3.001071062851416449e-01
3.537063743714669584e-01
3.980923706787681815e-01
4.308237437523322333e-01
4.499048620484684680e-01
4.541383449145587337e-01
4.432104296919623931e-01
4.174430993672426649e-01
3.772973601699551871e-01
3.228767439443385734e-01
2.537486550508915584e-01
1.692857898222544233e-01
6.945049787900577087e-02
-4.435183166688457662e-02
-1.688438456355145501e-01
-2.991960088428297637e-01
-4.300246482886140309e-01
-5.565965401375200239e-01
-6.756070924491793805e-01
-7.850962543199820898e-01
-8.835298633153393366e-01
-9.685503648022616430e-01
-1.036122068247007144e+00
-5.901040027704995694e-01
-6.560713357403665791e-01
-7.071173335161792251e-01
-7.418027951996852831e-01
-7.617869807036169449e-01
-7.711125648399601573e-01
-7.745789163658615140e-01
-7.758265609487543513e-01
-7.759666516020758964e-01
-7.733867936061475934e-01
-7.648067085574926649e-01
-7.470259934123175682e-01
-7.184589594705033111e-01
-6.797009759235206339e-01
-6.329375962713847947e-01
-5.806556127427059399e-01
-5.244582959699841673e-01
-4.646369724213363916e-01
-4.006336056498147058e-01
-3.319904326424425456e-01
-2.591527575000225903e-01
-1.836715384326453315e-01
-1.077752794918677842e-01
-3.365071990700070625e-02
3.712353492677955558e-02
1.037140136430726722e-01
1.657429113140369004e-01
2.227810422489540088e-01
2.738812132151636769e-01
3.173396859317649810e-01
3.507674291245904685e-01
3.714585606577853194e-01
3.769554528599878274e-01
3.656204378799058907e-01
3.369714655715115303e-01
2.915942941428545931e-01
2.306363802845415589e-01
1.551425618522895289e-01
6.564905614813512646e-02
-3.763061299759595801e-02
-1.540186365230512278e-01
-2.813714423494435013e-01
-4.154659209208505510e-01
-5.502436721221953819e-01
-6.789446284297740997e-01
-7.956563852751126209e-01
-8.965344948223532562e-01
-9.800849709843969526e-01
-1.046379923136304457e+00
-1.095637050948238045e+00
-1.126926620798427203e+00
-5.591916421904659096e-01
-6.200421525995840621e-01
-6.674697221186259855e-01
-7.004940439973244004e-01
-7.207211256261284449e-01
-7.316797104612852154e-01
-7.374122272839583880e-01
-7.408453369157746993e-01
-7.426513187626277990e-01
-7.411440923536561920e-01
-7.332685800271211418e-01
-7.161809917202300868e-01
-6.886037730290942571e-01
-6.512756036998127440e-01
-6.063402925395529053e-01
-5.561191381107241094e-01
-5.020249875867702771e-01
-4.442219198205916708e-01
-3.821333482051071373e-01
-3.153887903864653897e-01
-2.445931777224499559e-01
-1.714936000676653416e-01
-9.853344496062266256e-02
-2.813248207363525794e-02
3.788381408408442175e-02
9.845143082066569462e-02
1.530338981562672507e-01
2.011639053132006638e-01
2.419727607867356578e-01
2.738738090553062277e-01
2.945132497033157715e-01
3.010541825982204767e-01
2.907722199670613739e-01
2.617935696765503750e-01
2.136676148378286455e-01
1.474625268965275293e-01
6.527831040218000369e-02
-3.058811258184457316e-02
-1.383256771515991579e-01
-2.566571926609287346e-01
-3.841163728448734882e-01
-5.179141219298399879e-01
-6.530932647955851600e-01
-7.826136135118778592e-01
-8.985512126352267481e-01
-9.939838437307541019e-01
-1.064722143986899905e+00
-1.110075816059961307e+00
-1.132306414243745563e+00
-1.135057983207396592e+00
-1.121531576214220838e+00
-5.305015111861782762e-01
-5.843925803020613152e-01
-6.267857316849797522e-01
-6.573274380310255571e-01
-6.775535802006436015e-01
-6.902735192837481382e-01
-6.984498683986746226e-01
-7.039823234309762201e-01
-7.069343166028733139e-01
-7.055974443501162874e-01
-6.973952381445662763e-01
-6.801812757012175581e-01
-6.532553246652380574e-01
-6.175717108495435426e-01
-5.750806979836377009e-01
-5.276476189506345005e-01
-4.762186508606275903e-01
-4.207069553992385802e-01
-3.605967764359729322e-01
-2.958264975947511033e-01
-2.273914200495072702e-01
-1.573474198330002682e-01
-8.829701240974692500e-02
-2.271927016648502690e-02
3.748876411664332081e-02
9.109736795522119235e-02
1.373217632217318407e-01
1.754581062294989224e-01
2.045155370901574898e-01
2.229300855097015033e-01
2.284523529850962797e-01
2.183335709984113304e-01
1.898869732303102298e-01
1.413183123793252394e-01
7.248910671551674068e-02
-1.481143387263394659e-02
-1.173184860265348017e-01
-2.312876133493217135e-01
-3.534712331868336554e-01
-4.814411956744815702e-01
-6.129703489496084456e-01
-7.447785689456026814e-01
-8.714266325219186538e-01
-9.851853349203716359e-01
-1.077250884532011455e+00
-1.139959449834493599e+00
-1.169076596103606702e+00
-1.165127230064176622e+00
-1.133149558859373851e+00
-1.080974128834859549e+00
-1.016771153079512047e+00
-5.028278012862120727e-01
-5.492156419106927201e-01
-5.861557996718941288e-01
-6.139240671484402778e-01
-6.339375615423230581e-01
-6.481898913042972721e-01
-6.584463171736952836e-01
-6.654877745674502298e-01
-6.687532656119331564e-01
-6.666009674451671696e-01
-6.571110362856219522e-01
-6.390401860999324057e-01
-6.124149120544607472e-01
-5.784317165658889870e-01
-5.387386519700428922e-01
-4.945539135098799277e-01
-4.461769727822190168e-01
-3.931878984287102696e-01
-3.351817858376798243e-01
-2.725531414759186366e-01
-2.068495382130330074e-01
-1.405295966449462697e-01
-7.634413892302659155e-02
-1.674246412151559477e-02
3.640391432961925106e-02
8.173485821849230115e-02
1.181636846641048594e-01
1.446398864331780998e-01
1.599586199378471019e-01
1.625829610529845315e-01
1.505099117590822377e-01
1.213449290988721924e-01
7.277052865349069311e-02
3.396251194111024000e-03
-8.634197572547122612e-02
-1.937519350260550055e-01
-3.142890604784372988e-01
-4.426897012558042577e-01
-5.742296354361152710e-01
-7.053320234315703097e-01
-8.330795187333099872e-01
-9.538630208280519662e-01
-1.062018868233354452e+00
-1.149465173226288384e+00
-1.206908065319555412e+00
-1.226369151362173948e+00
-1.204035025758272592e+00
-1.142161748005430910e+00
-1.049126705445694752e+00
-9.375153549041455037e-01
-8.209560526978955108e-01
-4.748539925332226908e-01
-5.144969459456628647e-01
-5.466111240102342617e-01
-5.719254096394421616e-01
-5.916474982747490508e-01
-6.069676959550744932e-01
-6.185514220318948375e-01
-6.262018591303007975e-01
-6.288728556882592358e-01
-6.250947232342632942e-01
-6.136638566819129226e-01
-5.942573723291765253e-01
-5.676142514824181751e-01
-5.351392542484959547e-01
-4.981363625713893239e-01
-4.571401484517634284e-01
-4.117868740325240084e-01
-3.613382711745791731e-01
-3.055475464058362567e-01
-2.453327686451999556e-01
-1.828591571418181627e-01
-1.210293411695464866e-01
-6.274891847689248459e-02
-1.041513976072972435e-02
3.415848967296403194e-02
6.950523707547200114e-02
9.424608237764865726e-02
1.069939996177963482e-01
1.063719461364012464e-01
9.097608761073586181e-02
5.923591404281661199e-02
9.363719511981916446e-03
-6.031137540115065476e-02
-1.505286373870478867e-01
-2.601047459616431246e-01
-3.853617232820121807e-01
-5.204659624041105825e-01
-6.586627698158770139e-01
-7.937852979329559355e-01
-9.211414879529492561e-01
-1.037182512185661487e+00
-1.138101917482873926e+00
-1.218264221415655602e+00
-1.269635325075825216e+00
-1.282972648720617448e+00
-1.250624011127429824e+00
-1.169869054213773518e+00
-1.045314561910656748e+00
-8.891563025986121138e-01
-7.189931806468781161e-01
-5.538909013952286742e-01
-4.455346347251091799e-01
-4.801116739514079135e-01
-5.087974583073516799e-01
-5.324574067373331054e-01
-5.519632300756950327e-01
-5.677983819896963436e-01
-5.797954560079612296e-01
-5.871020745731693191e-01
-5.884367535259167337e-01
-5.825948392507328544e-01
-5.690166801555535114e-01
-5.481267557624480702e-01
-5.212032390091947409e-01
-4.897724631239651627e-01
-4.548297420452268591e-01
-4.163587385447057865e-01
-3.734984529850293167e-01
-3.253247367440839088e-01
-2.718104552480654079e-01
-2.143915112850738325e-01
-1.558109814639936919e-01
-9.937954840740939599e-02
-4.814547314523313221e-02
-4.459829174646226524e-03
2.992120837874604963e-02
5.345254267417591520e-02
6.453131870153433480e-02
6.154022553373968835e-02
4.306546207840801499e-02
7.994977815132564211e-03
-4.462980353229580727e-02
-1.157962717435510325e-01
-2.063408622408167692e-01
-3.162020119880576963e-01
-4.433702671848686605e-01
-5.831878046465059917e-01
-7.286051514959566155e-01
-8.714740009751611449e-01
-1.004261695924012265e+00
-1.121200776491464213e+00
-1.218145523647348405e+00
-1.291197504067554291e+00
-1.335017200035642615e+00
-1.342113675429167152e+00
-1.304019556802283653e+00
-1.214280528164519701e+00
-1.072136484333316764e+00
-8.852198188211840568e-01
-6.698537930518208006e-01
-4.484844826044289690e-01
-2.449614990033942008e-01
-4.144070806866272938e-01
-4.458701309206790087e-01
-4.727729372093534277e-01
-4.957372838888615130e-01
-5.151562254642547689e-01
-5.309457259288835607e-01
-5.424578721115338453e-01
-5.485939190335124005e-01
-5.481283743832094935e-01
-5.401805149309549803e-01
-5.246577249746522398e-01
-5.024245822520405635e-01
-4.750208132158510455e-01
-4.439823174598280797e-01
-4.100986277143828240e-01
-3.730664084280223003e-01
-3.318308241218962951e-01
-2.855012283617777702e-01
-2.343392914483994338e-01
-1.802316773084718382e-01
-1.263683724288713617e-01
-7.635453865298956477e-02
-3.332905109937085025e-02
4.035961765932189870e-04
2.313955121273819637e-02
3.329136533119464447e-02
2.912685867762160666e-02
8.935377200116254720e-03
-2.858524550749370549e-02
-8.411679678979688823e-02
-1.578781473231348209e-01
-2.499292613362519011e-01
-3.601453291369325349e-01
-4.875595152008987410e-01
-6.292908789643374412e-01
-7.797422442247535779e-01
-9.307675641727310989e-01
-1.072978737205056987e+00
-1.197608331798407422e+00
-1.297891945061648622e+00
-1.369143626229237798e+00
-1.407502228768766850e+00
-1.408249287163034102e+00
-1.365049166995588870e+00
-1.271107748712585028e+00
-1.122227555519115239e+00
-9.205950300343598292e-01
-6.775005859933999064e-01
-4.134320988322013335e-01
-1.550062293401627267e-01
7.048038226566936959e-02
-3.817579286611900713e-01
-4.116516518587457485e-01
-4.380854663289813211e-01
-4.610833696136871218e-01
-4.804271241337702003e-01
-4.956021811040492997e-01
-5.058210568545878916e-01
-5.101282644110844977e-01
-5.076165858660541819e-01
-4.977495784965759174e-01
-4.806817416541379062e-01
-4.573741292043116968e-01
-4.293341483497297717e-01
-3.980079210871518836e-01
-3.641213345674430557e-01
-3.273991705159399190e-01
-2.869380602962864346e-01
-2.421148319326967557e-01
-1.935304008999138292e-01
-1.434111350674071028e-01
-9.521010530856294229e-02
-5.266680167501255200e-02
-1.892527769903720042e-02
3.778753752301049294e-03
1.380291274267436349e-02
9.558988887283889624e-03
-1.073096639660850969e-02
-4.877114306493086915e-02
-1.056689222291534030e-01
-1.816184022607368054e-01
-2.760434713496987547e-01
-3.879880787929615993e-01
-5.162314599726650632e-01
-6.587517693794517903e-01
-8.116964825504411341e-01
-9.685393003398261591e-01
-1.120174847685226682e+00
-1.256198314947371442e+00
-1.366842643281209302e+00
-1.444539439510746037e+00
-1.484226525656134221e+00
-1.482307822875806202e+00
-1.435111738096480405e+00
-1.338182577361008097e+00
-1.187412379433120391e+00
-9.819985434513187617e-01
-7.280426152482579738e-01
-4.409489244185560430e-01
-1.450384352189953707e-01
1.301198405414881742e-01
3.557560684367278570e-01
-3.485904818239918268e-01
-3.775897475073796139e-01
-4.041232601707727135e-01
-4.273649790685705163e-01
-4.463877753116910485e-01
-4.603452120237342404e-01
-4.685587254473379537e-01
-4.704971155456897924e-01
-4.657504692675369373e-01
-4.541175714638200356e-01
-4.358093799034156168e-01
-4.116085710421061306e-01
-3.827712461159495372e-01
-3.506027126910754577e-01
-3.159103052080937113e-01
-2.787208619964273160e-01
-2.385607474371023995e-01
-1.952409289850666196e-01
-1.497055809129643200e-01
-1.043922816253680247e-01
-6.283802838583883721e-02
-2.876666001263713038e-02
-5.241335211268355852e-03
5.610722746149438521e-03
2.243098313554481651e-03
-1.687917730585124579e-02
-5.351856647858392602e-02
-1.093396371489182423e-01
-1.852716477920657023e-01
-2.810658001429520159e-01
-3.953618330381006851e-01
-5.261002556668641361e-01
-6.707613544913260117e-01
-8.260050314093522195e-01
-9.867928691567250388e-01
-1.145612073687557242e+00
-1.292546015153793082e+00
-1.416491127130313332e+00
-1.507075267112082617e+00
-1.556309365795450761e+00
-1.559106975018793140e+00
-1.512526932079319097e+00
-1.414493579085072561e+00
-1.263230555234932773e+00
-1.058339782286262576e+00
-8.034738461722754632e-01
-5.094245598833718747e-01
-1.958424683910593711e-01
1.098893574674543461e-01
3.769715721285140098e-01
5.776203401614115052e-01
-3.163679365455785986e-01
-3.441876718274100577e-01
-3.705418604104931957e-01
-3.936475895897196819e-01
-4.118257936011693876e-01
-4.239435934654515736e-01
-4.295444981136958829e-01
-4.286446636191328374e-01
-4.213987750984167779e-01
-4.079141782581331976e-01
-3.883494929499082260e-01
-3.631760528417378731e-01
-3.333158718799477671e-01
-2.999513897392015460e-01
-2.640884810595947596e-01
-2.262187533959145735e-01
-1.864304281015325138e-01
-1.450128724664851432e-01
-1.032008574575249277e-01
-6.353218744031134679e-02
-2.951555820812380715e-02
-4.783340970337066414e-03
7.724150912385664355e-03
6.028553839746274116e-03
-1.125324961100728459e-02
-4.551464391642377760e-02
-9.843647035789501731e-02
-1.716492871464430081e-01
-2.659927868850526234e-01
-3.808944882011798261e-01
-5.142616534377290050e-01
-6.628268407015635022e-01
-8.224927508888989491e-01
-9.882281819778132581e-01
-1.153491728667498606e+00
-1.309672721493666980e+00
-1.446214817591823909e+00
-1.551741719548405785e+00
-1.615848820061522417e+00
-1.630727561611845733e+00
-1.591839332780690341e+00
-1.497471869115290843e+00
-1.347806960356022765e+00
-1.144556464361838444e+00
-8.919387267413161346e-01
-5.988682739691072454e-01
-2.812253488460293993e-01
3.741951420463188877e-02
3.278624873710476728e-01
5.601925385870875074e-01
7.103131859176381457e-01
-2.865722874098459161e-01
-3.122432414126533606e-01
-3.375040486264260231e-01
-3.596587524847945083e-01
-3.763008788942535654e-01
-3.860154605203357514e-01
-3.885517000882064975e-01
-3.844381747001505700e-01
-3.743489294147809288e-01
-3.586598274201032166e-01
-3.374615037238281046e-01
-3.109373951663621516e-01
-2.797387062169042760e-01
-2.450098302666774419e-01
-2.080283879852231621e-01
-1.697782733278962453e-01
-1.308745810124421205e-01
-9.200029691972640145e-02
-5.458545536140767263e-02
-2.120800589817298937e-02
4.651836988939171344e-03
1.940850557710894694e-02
2.020470049729123155e-02
5.230476023759603188e-03
-2.663376263135460928e-02
-7.649209009824578520e-02
-1.458222021612923247e-01
-2.361941839541812083e-01
-3.484402754508280076e-01
-4.817916144315082527e-01
-6.334818371238285506e-01
-7.989264721519906409e-01
-9.721542568960621633e-01
-1.146046859289105990e+00
-1.312227603451287195e+00
-1.460884274391956117e+00
-1.581036061004289062e+00
-1.661548426087161356e+00
-1.692691759967907883e+00
-1.667610980141034149e+00
-1.583071467324134840e+00
-1.439318568056204173e+00
-1.239524095298267126e+00
-9.896294890346212236e-01
-6.991333223972598931e-01
-3.826023928527709783e-01
-6.086547019834310374e-02
2.394732596358722654e-01
4.890867250643827213e-01
6.613053470435293901e-01
7.383615389945089591e-01
-2.602162862266548249e-01
-2.825733248685706189e-01
-3.055905445244722629e-01
-3.258262301354422630e-01
-3.402449915639361722e-01
-3.471479362931117474e-01
-3.463930509077342013e-01
-3.388727396150815752e-01
-3.256459557628539891e-01
-3.072978456311458162e-01
-2.838965266770211437e-01
-2.554716295708935325e-01
-2.225704520746032422e-01
-1.864270288709264367e-01
-1.486220884551648913e-01
-1.105500692826939940e-01
-7.319042170972785144e-02
-3.744570265514764879e-02
-4.832585518069233699e-03
2.202434127755382651e-02
3.955482845516258839e-02
4.404822497823215888e-02
3.259461133062182409e-02
3.530594593471111844e-03
-4.388342976999619338e-02
-1.102513012961491012e-01
-1.966327167129749420e-01
-3.044054722053634587e-01
-4.343777077384629592e-01
-5.856387913512591803e-01
-7.547790225700625744e-01
-9.358141287273123998e-01
-1.120680573772819821e+00
-1.299887709925679591e+00
-1.463005884548821633e+00
-1.599009372518253924e+00
-1.696765926697334725e+00
-1.745931696365682573e+00
-1.738196696597029467e+00
-1.668496496549094044e+00
-1.535749453570136591e+00
-1.342973866818557349e+00
-1.097076607405720328e+00
-8.088301315462415042e-01
-4.933323003706011622e-01
-1.706511214688216371e-01
1.342283693348521600e-01
3.931670079233919868e-01
5.788091016064691452e-01
6.701190341002144502e-01
6.579229313406765867e-01
-2.375157828323204157e-01
-2.556795112821562688e-01
-2.754654692830802443e-01
-2.929301669146572307e-01
-3.045797368763997759e-01
-3.084664580144235724e-01
-3.044509124325372462e-01
-2.935973417827418830e-01
-2.771652000125048310e-01
-2.558605028092719169e-01
-2.297781788983124518e-01
-1.989564571831800577e-01
-1.640352184088551546e-01
-1.264732127634355108e-01
-8.816088161382068522e-02
-5.077367304263029346e-02
-1.544487382844733636e-02
1.690135267125374152e-02
4.475603011185350089e-02
6.538978344716621371e-02
7.494732915537766216e-02
6.933661961419781972e-02
4.538266139426312684e-02
1.490877866012943909e-03
-6.260341248417186644e-02
-1.467661795694572557e-01
-2.513400338821527580e-01
-3.772419263353662955e-01
-5.250771772227151857e-01
-6.937082687390948577e-01
-8.790487154033023165e-01
-1.073680684672993157e+00
-1.267391692838882422e+00
-1.448265471752112399e+00
-1.603833782394244123e+00
-1.722009418988027951e+00
-1.791841276287678975e+00
-1.804291279168394269e+00
-1.753136336002077744e+00
-1.635877592278923709e+00
-1.454418273328730526e+00
-1.215369164836761939e+00
-9.300668175131805437e-01
-6.145155423573367415e-01
-2.893165226189157169e-01
2.072732555900803908e-02
2.879700777504932141e-01
4.848380845313229326e-01
5.883344203692461027e-01
5.852815367006154457e-01
4.766987971127342738e-01
-2.178977331640991333e-01
-2.315643988850132617e-01
-2.475403611161328399e-01
-2.616492886389134576e-01
-2.701672812203954610e-01
-2.710006099456507833e-01
-2.639607636754617292e-01
-2.501179086809048879e-01
-2.307409504854839311e-01
-2.065343598652318868e-01
-1.776190969763105365e-01
-1.441514325378605854e-01
-1.070170477835768186e-01
-6.801088075625690010e-02
-2.934124966855689715e-02
7.139387632125994421e-03
4.031386760397767666e-02
6.939347114922238269e-02
9.294438067583311869e-02
1.080676521853089350e-01
1.104343273255546376e-01
9.531533190064998828e-02
5.903350590635563638e-02
-7.077046096733448214e-05
-8.176271627183374913e-02
-1.849796140477253381e-01
-3.090299375295643136e-01
-4.539987050097492038e-01
-6.199430367864520175e-01
-8.052434835792416923e-01
-1.005009112989342368e+00
-1.210397221681429603e+00
-1.409179441964204749e+00
-1.587247224641418875e+00
-1.730398796663392469e+00
-1.825837027991305206e+00
-1.863177964446913526e+00
-1.835119895031668946e+00
-1.738033580253321553e+00
-1.572603018161216060e+00
-1.344440700392228738e+00
-1.064496567114169068e+00
-7.491166610079885713e-01
-4.196822579586028668e-01
-1.017431233103749388e-01
1.765645024043211997e-01
3.871085801147031713e-01
5.054971321744068380e-01
5.156176585614821173e-01
4.139981054273909056e-01
2.125579151820900514e-01
-2.003656667748493492e-01
-2.098228200998225879e-01
-2.218536109824599256e-01
-2.322982166471279641e-01
-2.374607702879020232e-01
-2.352727981141136682e-01
-2.255288039103059694e-01
-2.092081629105638219e-01
-1.874260488226462962e-01
-1.607359253686561351e-01
-1.292080978503561961e-01
-9.312712395648289898e-02
-5.369235002249175825e-02
-1.310970274877738297e-02
2.605678099515441187e-02
6.179453783025781743e-02
9.306232409795008043e-02
1.192775261972164880e-01
1.391253000765738934e-01
1.495234487095170595e-01
1.455833111569188876e-01
1.217870597998168686e-01
7.376909843906516440e-02
-3.622637853007649924e-04
-9.995441333054923272e-02
-2.229531746720929131e-01
-3.673980969551929876e-01
-5.321586908064890320e-01
-7.162899934707094296e-01
-9.172837806023768081e-01
-1.129206542393334178e+00
-1.341805762382853651e+00
-1.541120401057903377e+00
-1.711338375078226948e+00
-1.837101663948629060e+00
-1.905446354715956803e+00
-1.906991328557509524e+00
-1.836510393541775477e+00
-1.693298015630610331e+00
-1.481648715823970175e+00
-1.211451075931637922e+00
-8.986013155034970890e-01
-5.648456691406329444e-01
-2.367678553802630981e-01
5.617595400989848498e-02
2.845219870748009194e-01
4.224016132027738069e-01
4.515640573400647173e-01
3.652339860641164448e-01
1.709113316842368613e-01
-1.089179539294348742e-01
-1.840432385493469825e-01
-1.899441673408785447e-01
-1.981971239665513140e-01
-2.048589031851190401e-01
-2.065085652194024457e-01
-2.013073081267015285e-01
-1.891309199089722670e-01
-1.708432912340240584e-01
-1.472872904053050269e-01
-1.187083257999793917e-01
-8.498649396127971878e-02
-4.645021955977526179e-02
-4.596588431043138225e-03
3.791165986595107507e-02
7.806702096988575590e-02
1.135951367789147515e-01
1.434474599059860356e-01
1.672125701467736814e-01
1.837231125006136556e-01
1.897934003568897687e-01
1.800635160060395923e-01
1.482652903062160188e-01
8.928802102379142236e-02
8.567725950465851417e-04
-1.161426008215347000e-01
-2.587768929596785394e-01
-4.237524188581945350e-01
-6.084348874189942080e-01
-8.104139530780378742e-01
-1.025797511252726002e+00
-1.247271652449904344e+00
-1.463151652458674734e+00
-1.658093250790209749e+00
-1.815227437312786352e+00
-1.918808097656481859e+00
-1.956397172936572337e+00
-1.920107038044125414e+00
-1.807077072055949918e+00
-1.619731751758223925e+00
-1.366247056931160442e+00
-1.061184197427797349e+00
-7.257895103123325198e-01
-3.873166051375457886e-01
-7.697493569514685108e-02
1.734227950318422973e-01
3.356153764991760546e-01
3.891352085751010881e-01
3.249154739474090503e-01
1.476304523566745741e-01
-1.237584096459662386e-01
-4.576334587663569153e-01
-1.685973489719576335e-01
-1.716101811656404463e-01
-1.763324646975285848e-01
-1.791759867209943013e-01
-1.771852654134400129e-01
-1.689275117738758270e-01
-1.544680072250785019e-01
-1.345692296690480794e-01
-1.097263700186872221e-01
-7.974016927223719076e-02
-4.414391383113984435e-02
-3.178785015595749462e-03
4.142359730944192298e-02
8.650885256523389855e-02
1.284879061790945298e-01
1.646141536352803136e-01
1.936163123593638569e-01
2.151190345128302372e-01
2.281155815751235993e-01
2.294913802159634642e-01
2.136917480262561786e-01
1.739610195725413422e-01
1.045715084450183768e-01
2.794320020289281850e-03
-1.304860870293952646e-01
-2.917269985187645465e-01
-4.764390469271383988e-01
-6.803694691218032942e-01
-8.992730376509514567e-01
-1.127383036432071828e+00
-1.355613966207303678e+00
-1.570767928348771214e+00
-1.756448177795781218e+00
-1.895413298402603752e+00
-1.972376965195661525e+00
-1.976208117057175473e+00
-1.901068597415017880e+00
-1.746776722436445217e+00
-1.519066860188189150e+00
-1.230182239514237663e+00
-8.995887438785893364e-01
-5.540141181548865479e-01
-2.259297391826668167e-01
4.990240891371874182e-02
2.413757216236360192e-01
3.243557974295027679e-01
2.870399959623414765e-01
1.323376526140258580e-01
-1.221617503764431817e-01
-4.464974156644792025e-01
-8.024271757681040729e-01
-1.542982923087888036e-01
-1.547773063257711634e-01
-1.560962862658432093e-01
-1.551003822878586902e-01
-1.493959853100091384e-01
-1.380400607366002175e-01
-1.213367004413188899e-01
-9.995126843803710248e-02
-7.398856250892092701e-02
-4.271974041568007974e-02
-5.218677723922664560e-03
3.847123114353014767e-02
8.644682606103637479e-02
1.350283072555280572e-01
1.798861188345721451e-01
2.175361298215814088e-01
2.461890345029578431e-01
2.652955147851633333e-01
2.739922280357667828e-01
2.694559632761916457e-01
2.463420182345320286e-01
1.978553599234481042e-01
1.179701621528103650e-01
3.569591469969649565e-03
-1.446595142794868949e-01
-3.229059594388221655e-01
-5.257782007374576239e-01
-7.474792322880908779e-01
-9.817247518620547675e-01
-1.220483959946127683e+00
-1.452533456577105309e+00
-1.663044696458427119e+00
-1.834833025599073686e+00
-1.950908301667404920e+00
-1.997264151501835228e+00
-1.964877869495899709e+00
-1.850583190669300659e+00
-1.657281493921576088e+00
-1.394267346872719360e+00
-1.078024076438155454e+00
-7.329934120449100865e-01
-3.911699311464631457e-01
-8.944399697607444133e-02
1.355184049476796382e-01
2.538608435119224516e-01
2.487096618883541943e-01
1.199974026290413914e-01
-1.152232238822598065e-01
-4.259375685244933818e-01
-7.727266126393786960e-01
-1.114181258176912381e+00
-1.416851502711755917e-01
-1.394961551346124151e-01
-1.373247183899577728e-01
-1.324769277591992811e-01
-1.231040067687731027e-01
-1.087016192533156456e-01
-8.975360975560936483e-02
-6.678641549615604855e-02
-3.949830278279339857e-02
-6.627489817628560639e-03
3.322435915898928199e-02
8.024327117815983901e-02
1.323843758545030780e-01
1.854224077499463941e-01
2.341681339172359821e-01
2.741689398374090869e-01
3.028254677529509387e-01
3.191700534796161892e-01
3.224107519707259950e-01
3.101947754257162182e-01
2.777999020940906116e-01
2.189155949776168397e-01
1.276715531066707210e-01
7.863330508994068220e-04
-1.613189167232930155e-01
-3.548532591291830851e-01
-5.738631345666281858e-01
-8.112169456997057049e-01
-1.058571126614557656e+00
-1.305417967895652565e+00
-1.538146981189887130e+00
-1.740208647484892568e+00
-1.893834171148050416e+00
-1.982794450722304980e+00
-1.995072786203962778e+00
-1.924506440374549543e+00
-1.771266169234028354e+00
-1.541859893389690317e+00
-1.249518804673988903e+00
-9.151661225882162798e-01
-5.681188006563304693e-01
-2.450134110394994180e-01
1.422736218376478151e-02
1.732822700402755767e-01
2.074760555561279141e-01
1.102987849957457467e-01
-1.040567365026542346e-01
-4.032198347369295721e-01
-7.434564670107393081e-01
-1.078554699353899471e+00
-1.368127903575357518e+00
-1.310402273291875197e-01
-1.256204235640993871e-01
-1.197094995659380989e-01
-1.110604254752983328e-01
-9.824368425949665806e-02
-8.100561726701442644e-02
-5.983570253439922382e-02
-3.502986175872125491e-02
-5.898295505295007672e-03
2.925178040031990723e-02
7.216979632113096343e-02
1.231945740317314381e-01
1.801314642721075499e-01
2.382386253692732880e-01
2.914642888869237169e-01
3.342918275308628395e-01
3.631166306492297768e-01
3.763238286575598668e-01
3.730464159570032745e-01
3.514473173365822434e-01
3.077047066630015371e-01
2.364432653288664754e-01
1.324294690141876729e-01
-7.432737391722579745e-03
-1.828740349815651534e-01
-3.902449474958883946e-01
-6.232848994054516201e-01
-8.737733057455745467e-01
-1.131437058035059229e+00
-1.383290729294770260e+00
-1.613284384828103324e+00
-1.803166783350700797e+00
-1.934774848589503993e+00
-1.993030090611400018e+00
-1.968454368579006797e+00
-1.858380170893252359e+00
-1.666969608329087027e+00
-1.404953451404389320e+00
-1.089994523010324290e+00
-7.476726865899531171e-01
-4.118791777455882985e-01
-1.228177069520270809e-01
7.854631136713002837e-02
1.590243878139474265e-01
1.022643278739974737e-01
-8.509804634343265395e-02
-3.729786113958695193e-01
-7.138160324298119530e-01
-1.053238474383594525e+00
-1.341962328066509391e+00
-1.545231927104463887e+00
-1.219850446621110474e-01
-1.126412577060025288e-01
-1.027737447168370899e-01
-9.053148895391786855e-02
-7.469860101544156805e-02
-5.498801358176050313e-02
-3.164654438064884445e-02
-4.630345777150770073e-03
2.706488118182865527e-02
6.534512442561124512e-02
1.120529704539602461e-01
1.675008792677993852e-01
2.293180217395038578e-01
2.923637026869268518e-01
3.498995690057684627e-01
3.954628344880398161e-01
4.244209316840126811e-01
4.343474437912183683e-01
4.240792894253464507e-01
3.921467550739210495e-01
3.356599616546341314e-01
2.504193693212362071e-01
1.322129367462618610e-01
-2.146791661956268596e-02
-2.102135726517516678e-01
-4.304052908104769593e-01
-6.755397453718100520e-01
-9.364828356786089048e-01
-1.201243133060773349e+00
-1.454558262282312775e+00
-1.678125800517717758e+00
-1.852190680860119620e+00
-1.958432786131850234e+00
-1.983220389268917527e+00
-1.919985168654973817e+00
-1.770021831912601762e+00
-1.542057504909334575e+00
-1.251682048148732740e+00
-9.215349034496118641e-01
-5.820251553032728120e-01
-2.710718205538389936e-01
-3.091259160192432603e-02
9.897685457135770026e-02
9.171217942952102076e-02
-5.763829821469326764e-02
-3.271511481412088251e-01
-6.704229765114613215e-01
-1.026336664949615951e+00
-1.333361961068070922e+00
-1.543723065920591830e+00
-1.632931185393116991e+00
-1.134267729199941038e-01
-9.978807830809094392e-02
-8.605533822778865805e-02
-7.068818357186758272e-02
-5.244510862127778339e-02
-3.069795180999463496e-02
-5.201894717409820228e-03
2.450145933197546422e-02
5.958324556215232465e-02
1.018413306273192737e-01
1.528480003776372387e-01
2.126423200535436098e-01
2.786594633997507287e-01
3.455835365738230691e-01
4.063577585624044697e-01
4.539230478936076008e-01
4.827972962121129252e-01
4.896770693982254730e-01
4.728344031701222083e-01
4.308270211182789744e-01
3.614470807682309550e-01
2.616288374867637434e-01
1.283754279791138042e-01
-3.987005131630739357e-02
-2.421446779131353755e-01
-4.745247427566212650e-01
-7.300946526547394955e-01
-9.988381430010351281e-01
-1.267262922799472058e+00
-1.518183106034550978e+00
-1.731461894213147890e+00
-1.886246010477308666e+00
-1.964391214375180050e+00
-1.953958983677301253e+00
-1.851502982147553045e+00
-1.662560254132273929e+00
-1.400857892764387103e+00
-1.087410030617744994e+00
-7.503187948340975799e-01
-4.248487795841227599e-01
-1.520933777107363882e-01
2.565027734631507295e-02
7.334805832921191537e-02
-2.625874804042700739e-02
-2.639375472224133601e-01
-6.012909896434449619e-01
-9.766039737042282454e-01
-1.318415819667695832e+00
-1.562781191901390976e+00
-1.668547876734805202e+00
-1.625716915713734556e+00
-1.038740664056267138e-01
-8.634001765390605931e-02
-6.939505749308491622e-02
-5.169704040578914500e-02
-3.176276995431762118e-02
-8.375493267403525885e-03
1.937172798601801901e-02
5.234633805651659616e-02
9.166650352119298795e-02
1.386411013095346090e-01
1.941659970607342578e-01
2.577433314283940069e-01
3.266207643334791411e-01
3.956094337632682922e-01
4.578366050704731904e-01
5.061671727962034906e-01
5.346127588116319496e-01
5.390335390835248042e-01
5.168695988311204914e-01
4.662459450406014061e-01
3.851673626347845159e-01
2.714015569918081239e-01
1.231427795668616348e-01
-5.995759541665685727e-02
-2.759364414058617099e-01
-5.200761773697079038e-01
-7.846765753553341938e-01
-1.058707829425941327e+00
-1.327343119297582197e+00
-1.571907817382775852e+00
-1.771022956467223519e+00
-1.903328446590603962e+00
-1.951303752177385942e+00
-1.904949948167488527e+00
-1.764051610804307613e+00
-1.538513279813787937e+00
-1.247340647533456082e+00
-9.173892372237076875e-01
-5.825290085747201196e-01
-2.826332141302075329e-01
-6.073435723880195314e-02
4.319611698186446441e-02
1.773419367995887706e-03
-1.894410808173287997e-01
-5.049838352088210636e-01
-8.900238551284701538e-01
-1.270099478348321265e+00
-1.568110861876869322e+00
-1.723416779653731856e+00
-1.706717795091690970e+00
-1.525866680485715943e+00
-9.195036346905835489e-02
-7.194744594252745762e-02
-5.310984113353483388e-02
-3.417550941322447522e-02
-1.328560112399596385e-02
1.147880884024295861e-02
4.172078521125864581e-02
7.861504381933610841e-02
1.229710533008591122e-01
1.752447675222032764e-01
2.352923862010656009e-01
3.018548489749724451e-01
3.720185192965046461e-01
4.410289250485991408e-01
5.027105478061744126e-01
5.504093817132447164e-01
5.780423538986599885e-01
5.807559792562723144e-01
5.549517661728142759e-01
4.978634999066666178e-01
4.071627923873771260e-01
2.810078747258406007e-01
1.185936633876232965e-01
-7.909657057597262175e-02
-3.087049142949496172e-01
-5.641878671533585576e-01
-8.365759038239612977e-01
-1.113569347691371503e+00
-1.379095898767992656e+00
-1.613432679734720043e+00
-1.794633873756085629e+00
-1.901543566579935174e+00
-1.917816195726463224e+00
-1.835688365259760868e+00
-1.658269874864637838e+00
-1.399887257677621566e+00
-1.084980332817396365e+00
-7.464698713084273463e-01
-4.240042023442269770e-01
-1.614131736359209757e-01
-1.974466612869190969e-03
1.941819649223338121e-02
-1.136936829812028177e-01
-3.901514311317565431e-01
-7.671690323262521094e-01
-1.174936508122551349e+00
-1.530352221365712584e+00
-1.756625311794378419e+00
-1.802685736166630193e+00
-1.655939212816643469e+00
-1.344178608075704773e+00
-7.687602516411654041e-02
-5.677823208009696865e-02
-3.789655986381000596e-02
-1.896368440933278443e-02
2.254944127394697701e-03
2.831328161753487657e-02
6.138795258245929864e-02
1.027857117074308102e-01
1.527833666959668435e-01
2.107328245407028289e-01
2.752219377725680372e-01
3.440953116535718781e-01
4.143036500491399377e-01
4.817423772383058189e-01
5.413042282658331317e-01
5.872447015878815568e-01
6.137389684321938876e-01
6.153780932349735000e-01
5.874294753489995857e-01
5.259125414418286404e-01
4.277195635592206946e-01
2.909786697912770670e-01
1.156342719014365888e-01
-9.598804393268149660e-02
-3.388562369121889128e-01
-6.051401030032836914e-01
-8.841220434419260199e-01
-1.161926516601858195e+00
-1.421251896368501688e+00
-1.641708669170197643e+00
-1.801440807246537101e+00
-1.880237304542385912e+00
-1.863549566120444867e+00
-1.746239269527204874e+00
-1.534924392962792705e+00
-1.248450408641867515e+00
-9.167882878479997055e-01
-5.789341977128596994e-01
-2.799343151560987342e-01
-6.640261733091747109e-02
2.034263355188639308e-02
-4.647220870379138724e-02
-2.692477145836174590e-01
-6.191567958794684801e-01
-1.036219392548166862e+00
-1.438590026687905477e+00
-1.740001877195187063e+00
-1.870754865051284632e+00
-1.795620646786586283e+00
-1.522666072820690886e+00
-1.100101816134058108e+00
-5.877211946948063259e-02
-4.145406725544030502e-02
-2.451464782376428994e-02
-6.676375836386600621e-03
1.450406275557893955e-02
4.195801429656916687e-02
7.817683044187385966e-02
1.244029440313172002e-01
1.802664397739935920e-01
2.439648420725207545e-01
3.127976425287848361e-01
3.837020086984016531e-01
4.534955254297699523e-01
5.187643380790216696e-01
5.755713357420945142e-01
6.192423477073334404e-01
6.443937037510544252e-01
6.452046761549785625e-01
6.158525734125610551e-01
5.510559042722372736e-01
4.467275723328277270e-01
3.007179734784142244e-01
1.135218356490368397e-01
-1.112509848668642026e-01
-3.667611636409113807e-01
-6.430910188451361975e-01
-9.274104459398309075e-01
-1.203995737729163018e+00
-1.454283557654965309e+00
-1.657497857892687554e+00
-1.792423721434863060e+00
-1.840479805423959059e+00
-1.789568261579368658e+00
-1.637689796564047562e+00
-1.395328555967557671e+00
-1.086083993425278837e+00
-7.455473946792292583e-01
-4.185627162498281040e-01
-1.547215097927502059e-01
-1.654691810757450126e-03
3.982920371587032882e-03
-1.532755150289007162e-01
-4.590488598789657648e-01
-8.657631619129775302e-01
-1.297767440694879593e+00
-1.665555465040471139e+00
-1.886201928111466142e+00
-1.904156742076384301e+00
-1.705681685622288501e+00
-1.322059134444822037e+00
-8.205587958159819006e-01
-3.876029261612742860e-02
-2.689391092457303623e-02
-1.347270841163712360e-02
2.676238496616547419e-03
2.386980605731440705e-02
5.299935508864801748e-02
9.252743347213043812e-02
1.434744554695767671e-01
2.048768176897600435e-01
2.739747725218643626e-01
3.469986836708160993e-01
4.201017518612702450e-01
4.899360515160032237e-01
5.536108027601686077e-01
6.081408073795137037e-01
6.497569733829221539e-01
6.734772601301460826e-01
6.731663434528482037e-01
6.420947883261756139e-01
5.738656441761824656e-01
4.635238951438555577e-01
3.086473168883567819e-01
1.102059378223925468e-01
-1.269900264914704535e-01
-3.943078551704126689e-01
-6.796448300200008674e-01
-9.678759414821578311e-01
-1.241254023093386394e+00
-1.479904520215815200e+00
-1.662830426648069793e+00
-1.769856431422052401e+00
-1.784605716108038642e+00
-1.698087102347319188e+00
-1.512087617781152638e+00
-1.241525263843102023e+00
-9.151532171541815197e-01
-5.742503215174685760e-01
-2.689834125692693312e-01
-5.209674903250713363e-02
3.013344060853252390e-02
-5.119207176804715237e-02
-2.971495145436516827e-01
-6.745845363737836831e-01
-1.117368248748216164e+00
-1.537184472882472175e+00
-1.842472107435595863e+00
-1.960697303975143635e+00
-1.857131120207272446e+00
-1.543900509414677380e+00
-1.076221605090177613e+00
-5.371503423760571883e-01
-1.888519635930346191e-02
-1.420227263201811335e-02
-4.941591286956302856e-03
9.721871123969418049e-03
3.151580229718448090e-02
6.278314781707133863e-02
1.055976964925523370e-01
1.606828019827504783e-01
2.267104530479943647e-01
3.003881235770893832e-01
3.773040473720191690e-01
4.530637462167139140e-01
5.240893903326817593e-01
5.876673999184039987e-01
6.412734936669703956e-01
6.815989011051881707e-01
7.038292785501093496e-01
7.015650712127666777e-01
6.674660492707086279e-01
5.944370570676774657e-01
4.770421965445790224e-01
3.128275527172173498e-01
1.032943100669835995e-01
-1.456337078034920518e-01
-4.236672245619554356e-01
-7.166139602393494235e-01
-1.007064048229019626e+00
-1.275194896305664738e+00
-1.499783947139135654e+00
-1.659685641343548346e+00
-1.736017962161954697e+00
-1.715071094376180660e+00
-1.591609673073760778e+00
-1.371969377367554754e+00
-1.076239556694709831e+00
-7.388170743559081544e-01
-4.066072387385187281e-01
-1.341709861900789169e-01
2.457516264360440003e-02
2.761074394150104389e-02
-1.429564420034141747e-01
-4.711805242738925648e-01
-9.042399888122988338e-01
-1.359147282652068744e+00
-1.739379689147302566e+00
-1.957809229914196036e+00
-1.959275738738383454e+00
-1.735443876725419665e+00
-1.326811431053331658e+00
-8.111190991626658908e-01
-2.821338318869919815e-01
-1.842615293028689776e-03
-4.612464787012500456e-03
1.078842427618732520e-03
1.537145343272558820e-02
3.889727499852461967e-02
7.294881030272981626e-02
1.189056840286363548e-01
1.772167062883669153e-01
2.465472752688103453e-01
3.236335358930860773e-01
4.039620766744427272e-01
4.828840861568348131e-01
5.565069620565433750e-01
6.218525072230609574e-01
6.762232203700324629e-01
7.161818926496775761e-01
7.367510850298077951e-01
7.312999535563973197e-01
6.922412338861225756e-01
6.123308240202117725e-01
4.861959678832927234e-01
3.117294369931509768e-01
9.109968584673845682e-02
-1.687412612533639722e-01
-4.560621775285677582e-01
-7.548104339641014127e-01
-1.045448642955995044e+00
-1.306138251267906503e+00
-1.514310783526274351e+00
-1.648706573333930780e+00
-1.691911396771202059e+00
-1.633284794385518435e+00
-1.472003636443159236e+00
-1.219784546569163464e+00
-9.026822300169345947e-01
-5.611488873660562815e-01
-2.473451728070751587e-01
-1.876600901895690565e-02
7.206849518429800372e-02
-9.348116410000590834e-03
-2.668218640961479982e-01
-6.656101529942890505e-01
-1.133763695696150542e+00
-1.574754924044554416e+00
-1.889571730319820508e+00
-2.002390141503865184e+00
-1.881655354356799981e+00
-1.549232925360026325e+00
-1.074188076690924865e+00
-5.531830381579851963e-01
-8.415686458337520715e-02
9.561778291330225513e-03
6.626705926772044836e-04
4.552451719205964642e-03
2.033239629496305309e-02
4.710179699000843073e-02
8.471702131803955649e-02
1.336757769490631576e-01
1.942599856057255214e-01
2.655255911183359019e-01
3.447988293825510753e-01
4.279838545904771085e-01
5.104478877440254969e-01
5.878875943683055105e-01
6.566242701612259314e-01
7.131740071373342538e-01
7.534121299686408202e-01
7.718981144495125069e-01
7.618278282790353906e-01
7.157463072702240359e-01
6.268166540563314681e-01
4.902762451337058791e-01
3.047471821936798553e-01
7.320754259201507630e-02
-1.964465130517251135e-01
-4.912718992754284697e-01
-7.936262925153380055e-01
-1.082067448816622868e+00
-1.332874424293512661e+00
-1.522197905727785239e+00
-1.628739747805145965e+00
-1.636754262542094107e+00
-1.539100812265665752e+00
-1.340058016670320873e+00
-1.057558564536715595e+00
-7.243129231806167967e-01
-3.869482194801697195e-01
-1.020060056938325577e-01
7.216188366725126424e-02
8.750074844705478527e-02
-7.963706545772913925e-02
-4.164512156113685526e-01
-8.688553713141234924e-01
-1.347944744233747105e+00
-1.748502877300000202e+00
-1.975597507127131891e+00
-1.971326735545637421e+00
-1.732537536499530351e+00
-1.312818618314037789e+00
-8.075077853710569409e-01
-3.266180697766677410e-01
3.516025136281226982e-02
1.325667494590155107e-02
8.464574114610696467e-04
5.457219248704347180e-03
2.487821286907462848e-02
5.642579164854769069e-02
9.835072703637834368e-02
1.502462780985967250e-01
2.123940415808653892e-01
2.845798084865860389e-01
3.651422519638538589e-01
4.507666331969453766e-01
5.370013672957175688e-01
6.190258032619720963e-01
6.921154383205422311e-01
7.515481882709704742e-01
7.921311062670998160e-01
8.077983775806266697e-01
7.916873765589461653e-01
7.368198103960568179e-01
6.372167167306397317e-01
4.891408254839906267e-01
2.922172616514204790e-01
5.032453826170756733e-02
-2.277685560282708410e-01
-5.280826246321550510e-01
-8.315987182044612958e-01
-1.115169109969039285e+00
-1.353355643212890813e+00
-1.521178944601043082e+00
-1.597500832042473506e+00
-1.568579178244010164e+00
-1.431316476788468961e+00
-1.195828470448303760e+00
-8.870174987724003257e-01
-5.446712658201160462e-01
-2.212339775830454713e-01
2.386648520067635726e-02
1.340824652213998547e-01
6.917861889279318388e-02
-1.805564160906683591e-01
-5.841278352844415656e-01
-1.069020473558824458e+00
-1.533138563000840060e+00
-1.868591677892069258e+00
-1.991315753391452281e+00
-1.866968678537765491e+00
-1.523559544802315147e+00
-1.045359113835549358e+00
-5.493367099637068707e-01
-1.518590445435798186e-01
6.314093345986375450e-02
8.905803896434451306e-03
-3.719622697073275957e-03
4.224284255486618865e-03
2.911003817349839748e-02
6.649381397652878722e-02
1.131326705850894537e-01
1.678833580850077056e-01
2.312285998284612787e-01
3.038970315271898315e-01
3.854297947589210849e-01
4.734122669723563326e-01
5.635781082943114306e-01
6.504663627938822579e-01
7.280952842935132230e-01
7.902875082650925309e-01
8.306530801409444109e-01
8.425226064781309310e-01
8.191482126356098847e-01
7.542949597253181260e-01
6.431156510578011076e-01
4.831061578829286551e-01
2.750043156955425672e-01
2.361118537843923462e-02
-2.614650561698300124e-01
-5.652697057147376691e-01
-8.674883143964315924e-01
-1.143380797778427826e+00
-1.365960264514257672e+00
-1.509371277525709765e+00
-1.553011877004161656e+00
-1.485676577372819773e+00
-1.308999780386348455e+00
-1.039684371075228819e+00
-7.101750692158025347e-01
-3.673590672957351422e-01
-6.857401084936072533e-02
1.259458525491380376e-01
1.644962482155243599e-01
1.794480776289568771e-02
-3.070747689974078209e-01
-7.610058544776210354e-01
-1.255301053362590791e+00
-1.679696863360194969e+00
-1.930156503362136622e+00
-1.939682331814033489e+00
-1.701417691763440487e+00
-1.274834576801265662e+00
-7.713090960899299242e-01
-3.229388683529332282e-01
-4.482928062099510863e-02
-3.473439731271290090e-03
-1.307858149962257957e-03
-1.090772246794889308e-02
2.369681504665235167e-03
3.359107108685795845e-02
7.687627020106363451e-02
1.278918800454900695e-01
1.851126069805685836e-01
2.494456781116531352e-01
3.226322751050367810e-01
4.053573204226241233e-01
4.959686858602120330e-01
5.902221961126116190e-01
6.818759916727408221e-01
7.636126593772588622e-01
8.278106442029641299e-01
8.669895315286701987e-01
8.740544339236694382e-01
8.425704048200389762e-01
7.672037172641216207e-01
6.443154719507199202e-01
4.726302466597907537e-01
2.539549537028123471e-01
-6.011414950429336441e-03
-2.967889099355577320e-01
-6.023668990132182710e-01
-9.010625636124977023e-01
-1.166557127575364783e+00
-1.370484171540226948e+00
-1.486474418770179717e+00
-1.495017967659461267e+00
-1.388157811868475644e+00
-1.173037108477596568e+00
-8.736127026041092813e-01
-5.301511074612529351e-01
-1.961918134075653908e-01
6.747940320314588236e-02
2.022749541299612708e-01
1.643735884327708063e-01
-6.150120986254922067e-02
-4.510217636401975816e-01
-9.370715987246421852e-01
-1.418731772765189358e+00
-1.783258581137984189e+00
-1.936665310862133227e+00
-1.833770355604642965e+00
-1.496807463373411640e+00
-1.014392908314404318e+00
-5.192455404644201744e-01
-1.509867039473354877e-01
-1.617995765168782352e-02
-1.589045079711723651e-01
-1.258444941403381694e-02
-1.660993827187785474e-02
2.864395426579087207e-03
3.991657542975656642e-02
8.781179282785495088e-02
1.417671711520331612e-01
2.003779291200011581e-01
2.652163141732808982e-01
3.389959321447611473e-01
4.232994652050935391e-01
5.169113009076810039e-01
6.153303564717016449e-01
7.113907954019603741e-01
7.964655955983334090e-01
8.616619510979275365e-01
8.986642653883545329e-01
9.002037490976483314e-01
8.603249305910956046e-01
7.746278890972871922e-01
6.405851334855194867e-01
4.579839843693546131e-01
2.295589329594134309e-01
-3.812627390999882848e-02
-3.336146564250796476e-01
-6.396415948741990265e-01
-9.329727784854918715e-01
-1.185668910485383254e+00
-1.368177535233072284e+00
-1.454071824575096761e+00
-1.425606174848537577e+00
-1.278848006272618187e+00
-1.027159399827340280e+00
-7.021714274676882361e-01
-3.518404764414863051e-01
-3.543656180141805528e-02
1.846080369840015500e-01
2.538278984738264188e-01
1.388447675675812676e-01
-1.600195247184716951e-01
-6.007605579858056322e-01
-1.101052293510219160e+00
-1.552115138783482839e+00
-1.844338603693200573e+00
-1.898785748542238805e+00
-1.694666050350092990e+00
-1.282243164290026272e+00
-7.745020131230734295e-01
-3.181867711664413401e-01
-5.264743705767918613e-02
-6.988035128227494674e-02
-3.889597319432158695e-01
-1.840243285782246913e-02
-1.538957771148831769e-02
9.804155734262654312e-03
5.072868979469177114e-02
1.005286668877527212e-01
1.547408699883369154e-01
2.126588424383503151e-01
2.767692427622821527e-01
3.506691535737864740e-01
4.365159543327957192e-01
5.331387474763380485e-01
6.354786165056967029e-01
7.353359139946193945e-01
8.228722460462802868e-01
8.881712107904340403e-01
9.223746125327051404e-01
9.182660619125911916e-01
8.704488778460076626e-01
7.753657671769277338e-01
6.313816367837444821e-01
4.390946278772904221e-01
2.019930061253790710e-01
-7.251114559144695992e-02
-3.718353972223105153e-01
-6.772240619478623325e-01
-9.636996098454908566e-01
-1.201693528594250715e+00
-1.360724824847934888e+00
-1.414824870185913408e+00
-1.348684084692245211e+00
-1.163048397634852460e+00
-8.779231122643764706e-01
-5.325911858124339204e-01
-1.820511230791299340e-01
1.100430825456588518e-01
2.815351138050404822e-01
2.841841138064671868e-01
9.667337178797116848e-02
-2.647257486189820708e-01
-7.418605828385508305e-01
-1.240702710874971526e+00
-1.649452599460015989e+00
-1.866456646325564295e+00
-1.830946627240443103e+00
-1.546513799167217984e+00
-1.087756742934890219e+00
-5.852902398217018076e-01
-1.918319237324900006e-01
-3.937381151031590920e-02
-2.012813517648758821e-01
-6.717296691535894482e-01
-1.231051741184548479e-02
-1.980663127998593190e-03
2.726509638106211497e-02
6.895794361908398618e-02
1.168682090132672352e-01
1.676077715530560619e-01
2.217233926018954693e-01
2.828506950439520495e-01
3.553884858828855187e-01
4.417827512704145532e-01
5.405814747123829367e-01
6.459510485891946097e-01
7.486299960576565660e-01
8.377211424475431434e-01
9.025375315959081046e-01
9.339191522152259228e-01
9.248301179064970512e-01
8.703948088716679798e-01
7.677052684826820572e-01
6.157380684856023079e-01
4.156345100530798309e-01
1.714761727359295773e-01
-1.084821578480173188e-01
-4.104078531601307867e-01
-7.138927291891797866e-01
-9.921460665099891552e-01
-1.214098893380792576e+00
-1.348702772779264869e+00
-1.370973555779797293e+00
-1.268570665398232267e+00
-1.047248449382804925e+00
-7.335760163583369131e-01
-3.738528982217336205e-01
-2.889536633607910077e-02
2.349405467794190294e-01
3.575803832484987788e-01
2.984090116268569015e-01
4.853617156217857054e-02
-3.610270654375042909e-01
-8.589476475195853000e-01
-1.343822534634861121e+00
-1.705482690327285056e+00
-1.853733235615155017e+00
-1.746877329646016719e+00
-1.410322267567490462e+00
-9.371172031016434811e-01
-4.675755614229283319e-01
-1.524848601568976336e-01
-1.108316541673345784e-01
-3.956044782185741959e-01
-9.787570134515098941e-01
