-7.107106971426641051e-02
-6.478670930795453475e-02
-5.850234890164265900e-02
-4.394265981455961617e-02
-2.938297072747658029e-02
-1.808158641771086955e-02
-6.780202107945155349e-03
8.789813666010556220e-03
2.435982943996626779e-02
3.800285452598821390e-02
5.164587961201016347e-02
6.003782262911129541e-02
6.842976564621242042e-02
4.974810526500300645e-02
3.106644488379358901e-02
3.934911937492927697e-02
4.763179386606496146e-02
5.914553512960923909e-02
7.065927639315351672e-02
6.977725622024953667e-02
6.889523604734555662e-02
6.748694535965829577e-02
6.607865467197103493e-02
7.863492866616439425e-02
9.119120266035771194e-02
8.644396194028024227e-02
8.169672122020273097e-02
7.434256176860649934e-02
6.698840231701026771e-02
6.018239696840364805e-02
5.337639161979701452e-02
5.233970355871832292e-02
5.130301549763961744e-02
5.127614033994273152e-02
5.124926518224583172e-02
5.634775066770830731e-02
6.144623615317078985e-02
7.536608769772883132e-02
8.928593924228687972e-02
1.015780095255580662e-01
1.138700798088292387e-01
1.308046640003058259e-01
1.477392481917824407e-01
1.575281429322830107e-01
1.673170376727835806e-01
1.771617936728201170e-01
1.870065496728567089e-01
2.012348984492907944e-01
2.154632472257249076e-01
2.122653373241878416e-01
2.090674274226508034e-01
2.142360488150606979e-01
2.194046702074705368e-01
2.277196808989133403e-01
2.360346915903561715e-01
2.470679566504451752e-01
2.581012217105341788e-01
2.725720827858246764e-01
2.870429438611151740e-01
2.961775712979750619e-01
3.053121987348348387e-01
3.264828689773122683e-01
3.476535392197896424e-01
3.606797875290857491e-01
3.737060358383818559e-01
3.812819914455985448e-01
3.888579470528152893e-01
3.910516357140734200e-01
3.932453243753316618e-01
3.986617769345000561e-01
4.040782294936684504e-01
4.098529537726227634e-01
4.156276780515769653e-01
4.352124106780144719e-01
4.547971433044519785e-01
4.652545257812265023e-01
4.757119082580009706e-01
4.805535812951964858e-01
4.853952543323920565e-01
4.823547903001095261e-01
4.793143262678269956e-01
4.843581361636659088e-01
4.894019460595048776e-01
4.930279782020706159e-01
4.966540103446364651e-01
4.986248052817479626e-01
5.005956002188594045e-01
4.976655976431956230e-01
4.947355950675317859e-01
4.958231164332276841e-01
4.969106377989235268e-01
4.948077567359845941e-01
4.927048756730456058e-01
4.870315788196909468e-01
4.813582819663363432e-01
4.798935249633123901e-01
4.784287679602884924e-01
4.797023474386059028e-01
4.809759269169234241e-01
4.829392305775100924e-01
4.849025342380968162e-01
4.892546063969295256e-01
4.936066785557622350e-01
4.999352349154828068e-01
5.062637912752032676e-01
5.079044230316008823e-01
5.095450547879983860e-01
5.172522778185233427e-01
5.249595008490482995e-01
5.226227465441325437e-01
5.202859922392165659e-01
5.224114120489190549e-01
5.245368318586216549e-01
5.267053051977919065e-01
5.288737785369620470e-01
5.284725408436951044e-01
5.280713031504283839e-01
5.306105399530332001e-01
5.331497767556381273e-01
5.334040956647679854e-01
5.336584145738978435e-01
5.392035739964512464e-01
5.447487334190047603e-01
5.561133697849054425e-01
5.674780061508061246e-01
5.685124633924819593e-01
5.695469206341577939e-01
5.693706824888540297e-01
5.691944443435503764e-01
5.719765446923976704e-01
5.747586450412449643e-01
5.811568644257334437e-01
5.875550838102220341e-01
5.828033143784221437e-01
5.780515449466223643e-01
5.869447365167081987e-01
5.958379280867939221e-01
6.058826833253071475e-01
6.159274385638202620e-01
6.274403771492300663e-01
6.389533157346396486e-01
6.390661199107056101e-01
6.391789240867717936e-01
6.431750699079508138e-01
6.471712157291298340e-01
6.540760948636122896e-01
6.609809739980946341e-01
6.618034858768532258e-01
6.626259977556117065e-01
6.602403314615027385e-01
6.578546651673938817e-01
6.585112490039860544e-01
6.591678328405781162e-01
6.669494682086989368e-01
6.747311035768194243e-01
6.847799592003209757e-01
6.948288148238224160e-01
7.064937252765849385e-01
7.181586357293474610e-01
7.352248210353704572e-01
7.522910063413933424e-01
7.636035552276542182e-01
7.749161041139149830e-01
7.718615504556038953e-01
7.688069967972928076e-01
7.617050932994641199e-01
7.546031898016355433e-01
7.479191517990181337e-01
7.412351137964008352e-01
7.163610969641880377e-01
6.914870801319752402e-01
6.878040239270202250e-01
6.841209677220649876e-01
6.767137727394183511e-01
6.693065777567714925e-01
6.630415839384283805e-01
6.567765901200851575e-01
6.508526567879795444e-01
6.449287234558740423e-01
6.529707970508159542e-01
6.610128706457576442e-01
6.380790617599991776e-01
6.151452528742406001e-01
6.112234988740375963e-01
6.073017448738343704e-01
5.984158251707163423e-01
5.895299054675980921e-01
5.810653088716276615e-01
5.726007122756570089e-01
5.589423853927661945e-01
5.452840585098753801e-01
5.470754327079920820e-01
5.488668069061087840e-01
5.118069345613373011e-01
4.747470622165657073e-01
4.810037884455733437e-01
4.872605146745809801e-01
4.969450409686164694e-01
5.066295672626518476e-01
5.045409958070914413e-01
5.024524243515309241e-01
5.019184821747776359e-01
5.013845399980245698e-01
5.046722333656417092e-01
5.079599267332589596e-01
4.939607636901722221e-01
4.799616006470854845e-01
4.906546679985061554e-01
5.013477353499268263e-01
5.002761084879790987e-01
4.992044816260314821e-01
4.898565256972142734e-01
4.805085697683969537e-01
4.758919655433468399e-01
4.712753613182968371e-01
4.688499956345401065e-01
4.664246299507832649e-01
4.311099751380843559e-01
3.957953203253855023e-01
3.869356279505059559e-01
3.780759355756264095e-01
3.721705546388817121e-01
3.662651737021369591e-01
3.565391289808229058e-01
3.468130842595088525e-01
3.389838071058677293e-01
3.311545299522266617e-01
3.232184616229663576e-01
3.152823932937061091e-01
3.290366448188671855e-01
3.427908963440282064e-01
3.257425292996094512e-01
3.086941622551907516e-01
2.948069473367356252e-01
2.809197324182805544e-01
2.695640044087974085e-01
2.582082763993142072e-01
2.495067350205831813e-01
2.408051936418522110e-01
2.387005215120998891e-01
2.365958493823475950e-01
2.291301014434269090e-01
2.216643535045062507e-01
2.012568249905239692e-01
1.808492964765417155e-01
1.728130074437575214e-01
1.647767184109732996e-01
1.581539571864671867e-01
1.515311959619610738e-01
1.385378888702588907e-01
1.255445817785567075e-01
1.122126511386803971e-01
9.888072049880405889e-02
7.642314266579738891e-02
5.396556483279072586e-02
3.870661233002396784e-02
2.344765982725721329e-02
2.616949808256538446e-02
2.889133633787355562e-02
2.289846578667497148e-02
1.690559523547639081e-02
4.667999478639202858e-03
-7.569596278197981629e-03
-1.220854812707140163e-02
-1.684749997594482337e-02
-2.564496149952353449e-02
-3.444242302310224907e-02
-5.060190950227709539e-02
-6.676139598145194864e-02
-8.442353404652443161e-02
-1.020856721115969284e-01
-1.094485431377726914e-01
-1.168114141639484543e-01
-1.233279952065619023e-01
-1.298445762491753364e-01
-1.304679356879242247e-01
-1.310912951266730853e-01
-1.378979916872348777e-01
-1.447046882477966978e-01
-1.577336764367284205e-01
-1.707626646256601710e-01
-1.812361459567179145e-01
-1.917096272877756857e-01
-2.032840042785168944e-01
-2.148583812692581030e-01
-2.231747279484031232e-01
-2.314910746275481435e-01
-2.478032558112878980e-01
-2.641154369950276526e-01
-2.767007376264195573e-01
-2.892860382578115175e-01
-3.037783375676531006e-01
-3.182706368774946282e-01
-3.365553324430226589e-01
-3.548400280085506897e-01
-3.703801286182998309e-01
-3.859202292280490831e-01
-3.943651396736552739e-01
-4.028100501192614646e-01
-4.077845180848867490e-01
-4.127589860505120889e-01
-4.285676212036195754e-01
-4.443762563567270063e-01
-4.753609677985793369e-01
-5.063456792404316120e-01
-5.328861650897300795e-01
-5.594266509390283248e-01
-5.677706785533985778e-01
-5.761147061677687198e-01
-5.866441632180666721e-01
-5.971736202683647354e-01
-6.072082269894744089e-01
-6.172428337105838603e-01
-6.288954051311220761e-01
-6.405479765516601809e-01
-6.653756012749241222e-01
-6.902032259981882856e-01
-7.053491296887658413e-01
-7.204950333793433970e-01
-7.274356025504649104e-01
-7.343761717215865348e-01
-7.343262924130660174e-01
-7.342764131045456111e-01
-7.292499867902637600e-01
-7.242235604759822420e-01
-7.284684505210967664e-01
-7.327133405662115129e-01
-7.285720645588225075e-01
-7.244307885514335021e-01
-7.182585676269501729e-01
-7.120863467024668436e-01
-7.042464943682226197e-01
-6.964066420339783958e-01
-6.856513783305688836e-01
-6.748961146271597045e-01
-6.595282461671513330e-01
-6.441603777071428505e-01
-6.427785736279925111e-01
-6.413967695488421716e-01
-6.424108883358117250e-01
-6.434250071227810563e-01
-6.339015556956508757e-01
-6.243781042685205840e-01
-6.048685317451228949e-01
-5.853589592217253168e-01
-5.745350165677676202e-01
-5.637110739138099236e-01
-5.609818229818951396e-01
-5.582525720499803557e-01
-5.470478628944966948e-01
-5.358431537390129229e-01
-5.132075380245333385e-01
-4.905719223100535875e-01
-4.690771680576956704e-01
-4.475824138053376977e-01
-4.314201393507599014e-01
-4.152578648961821051e-01
-3.934223123428163271e-01
-3.715867597894505492e-01
-3.515364919741459926e-01
-3.314862241588415470e-01
-3.151742395709269395e-01
-2.988622549830123876e-01
-2.751813387486206630e-01
-2.515004225142288830e-01
-2.273638585618161234e-01
-2.032272946094033361e-01
-1.791306130087352011e-01
-1.550339314080670661e-01
-1.337848433541611315e-01
-1.125357553002551830e-01
-9.055451877279156736e-02
-6.857328224532795169e-02
-3.740692264078532281e-02
-6.240563036242710408e-03
1.147965274716006116e-02
2.919986853056283707e-02
5.143598953039010130e-02
7.367211053021736900e-02
9.728973247249528278e-02
1.209073544147732104e-01
1.313910848325589020e-01
1.418748152503445936e-01
1.532290378589238333e-01
1.645832604675030730e-01
1.984659121655877045e-01
2.323485638636722805e-01
2.540552690355202259e-01
2.757619742073681435e-01
2.997715523570819718e-01
3.237811305067959111e-01
3.444068944322135062e-01
3.650326583576310457e-01
3.843434170773123992e-01
4.036541757969937527e-01
4.156920949370153107e-01
4.277300140770369241e-01
4.240477352027375857e-01
4.203654563284381918e-01
4.251811519140953899e-01
4.299968474997525880e-01
4.425414892220707053e-01
4.550861309443888225e-01
4.561773792784080683e-01
4.572686276124273697e-01
4.463883001810757256e-01
4.355079727497239706e-01
4.340827349142643565e-01
4.326574970788046315e-01
4.192669800702902294e-01
4.058764630617759384e-01
3.990638837111782355e-01
3.922513043605804772e-01
3.838446981405963521e-01
3.754380919206122269e-01
3.698242917209653702e-01
3.642104915213186245e-01
3.602753477767202117e-01
3.563402040321217434e-01
3.485711025238187877e-01
3.408020010155157209e-01
3.341134126827325912e-01
3.274248243499495725e-01
3.270096290109817394e-01
3.265944336720139618e-01
3.262105792214677891e-01
3.258267247709215053e-01
3.299389854933781341e-01
3.340512462158348739e-01
3.405255486908578821e-01
3.469998511658808904e-01
3.526240582476075636e-01
3.582482653293342367e-01
3.714366431469545704e-01
3.846250209645750151e-01
3.963620006232940751e-01
4.080989802820132462e-01
4.171189159400764401e-01
4.261388515981397451e-01
4.293720595654813565e-01
4.326052675328230790e-01
4.313184036984655800e-01
4.300315398641080811e-01
4.434957270047730771e-01
4.569599141454379621e-01
4.742234446866870901e-01
4.914869752279361625e-01
4.930952846180171600e-01
4.947035940080982130e-01
5.064156412900312487e-01
5.181276885719643399e-01
5.250488307236678143e-01
5.319699728753712886e-01
5.352268546179702602e-01
5.384837363605691207e-01
5.440626582369296749e-01
5.496415801132902290e-01
5.570365981794200838e-01
5.644316162455501606e-01
5.736901159799784322e-01
5.829486157144068148e-01
5.922040518379740881e-01
6.014594879615413614e-01
6.072411297282205300e-01
6.130227714948999207e-01
6.184225208801092943e-01
6.238222702653187790e-01
6.274720358939702702e-01
6.311218015226216504e-01
6.303802629371512145e-01
6.296387243516807786e-01
6.262163418701691686e-01
6.227939593886573366e-01
6.159218083693090984e-01
6.090496573499608601e-01
5.924147177389701424e-01
5.757797781279795357e-01
5.525129199042340122e-01
5.292460616804885998e-01
5.165971807712910202e-01
5.039482998620935517e-01
5.100535416821825319e-01
5.161587835022712900e-01
4.974113946466034442e-01
4.786640057909356538e-01
4.647131585673951459e-01
4.507623113438546381e-01
4.487148123447535220e-01
4.466673133456524614e-01
4.501094801992345795e-01
4.535516470528168087e-01
4.652535727861963344e-01
4.769554985195758601e-01
4.775254212694048372e-01
4.780953440192337034e-01
4.743328792725548526e-01
4.705704145258760018e-01
4.665993162775931014e-01
4.626282180293102564e-01
4.702454205456138014e-01
4.778626230619173465e-01
4.913074558527324998e-01
5.047522886435475975e-01
5.201957479400738382e-01
5.356392072366000789e-01
5.448927813286037480e-01
5.541463554206073061e-01
5.603418761595028164e-01
5.665373968983982156e-01
5.789368400801051529e-01
5.913362832618118681e-01
6.001263519900543741e-01
6.089164207182967692e-01
6.122365967367773276e-01
6.155567727552578861e-01
6.247735330249372110e-01
6.339902932946165359e-01
6.352907439301191950e-01
6.365911945656220761e-01
6.410043049990126196e-01
6.454174154324031631e-01
6.527928778850538016e-01
6.601683403377043291e-01
6.630341840067588421e-01
6.659000276758132442e-01
6.547469377353534181e-01
6.435938477948933700e-01
6.434636114768266246e-01
6.433333751587598792e-01
6.441227978049647307e-01
6.449122204511695822e-01
6.370204452937262563e-01
6.291286701362830414e-01
6.245104612532150767e-01
6.198922523701471121e-01
6.212680483444836810e-01
6.226438443188201388e-01
6.224764803149805958e-01
6.223091163111409418e-01
6.295259042758443169e-01
6.367426922405478029e-01
6.411156227065675228e-01
6.454885531725872427e-01
6.350959151443484885e-01
6.247032771161099562e-01
6.219319758412261701e-01
6.191606745663422728e-01
6.135689972190769836e-01
6.079773198718115834e-01
6.077399056291515889e-01
6.075024913864915943e-01
6.134326596955650412e-01
6.193628280046382661e-01
6.141811101776309956e-01
6.089993923506236140e-01
6.033515923343661935e-01
5.977037923181087731e-01
6.024707273509634087e-01
6.072376623838182663e-01
6.127616900496014596e-01
6.182857177153848749e-01
6.119619825292725857e-01
6.056382473431600744e-01
8.026967103508899637e-01
9.997551733586198530e-01
9.997551733586198530e-01
9.997551733586198530e-01
9.997551733586198530e-01
9.997551733586198530e-01
9.997551733586198530e-01
9.997551733586198530e-01
9.997551733586198530e-01
9.997551733586198530e-01
9.997551733586198530e-01
9.997551733586198530e-01
8.156514170824883392e-01
6.315476608063568253e-01
6.324420981754969029e-01
6.333365355446368694e-01
6.396186105204452188e-01
6.459006854962536792e-01
6.521213174708659910e-01
6.583419494454780807e-01
6.582653897960298872e-01
6.581888301465816937e-01
6.649692678611847096e-01
6.717497055757877256e-01
6.787444332351471044e-01
6.857391608945062611e-01
6.715565208075351400e-01
6.573738807205637968e-01
6.650452421036853190e-01
6.727166034868068412e-01
6.895125594949657044e-01
7.063085155031244566e-01
7.150488655111780778e-01
7.237892155192315879e-01
7.218414114610851584e-01
7.198936074029388399e-01
7.268121834654099889e-01
7.337307595278811378e-01
7.315321543642220314e-01
7.293335492005628140e-01
7.327003677025741846e-01
7.360671862045852221e-01
7.331351662455046769e-01
7.302031462864241318e-01
7.207278442680327135e-01
7.112525422496412952e-01
7.011427284885672906e-01
6.910329147274932859e-01
6.945848796452525065e-01
6.981368445630118380e-01
6.901329763007526541e-01
6.821291080384934702e-01
6.784925113350770420e-01
6.748559146316603918e-01
6.772688996510864978e-01
6.796818846705124928e-01
6.734771240564457750e-01
6.672723634423789463e-01
6.570517387586349844e-01
6.468311140748910226e-01
6.462814174612496743e-01
6.457317208476081039e-01
6.424308150604479684e-01
6.391299092732878329e-01
6.422830593607635752e-01
6.454362094482390955e-01
6.567776167900111206e-01
6.681190241317830347e-01
6.654451817923269230e-01
6.627713394528710333e-01
6.519281541389472245e-01
6.410849688250237488e-01
6.453103461764920779e-01
6.495357235279606289e-01
6.432912642332315745e-01
6.370468049385026310e-01
6.387468023182332200e-01
6.404467996979638089e-01
6.427719117979199259e-01
6.450970238978759319e-01
6.466037948231976307e-01
6.481105657485194405e-01
6.423713404215093403e-01
6.366321150944993512e-01
6.296716633915253603e-01
6.227112116885512583e-01
6.148652856516217957e-01
6.070193596146924442e-01
6.128893385776976732e-01
6.187593175407030133e-01
6.187179289389710402e-01
6.186765403372388450e-01
6.096741437449597623e-01
6.006717471526806795e-01
5.996467863757299899e-01
5.986218255987791892e-01
6.061356795918306783e-01
6.136495335848820565e-01
6.143737447622272807e-01
6.150979559395725049e-01
6.114843942155530065e-01
6.078708324915332861e-01
6.000564350657719981e-01
5.922420376400109321e-01
5.877352403384606960e-01
5.832284430369104600e-01
5.834070080268025649e-01
5.835855730166947808e-01
5.824380936163994216e-01
5.812906142161040624e-01
5.620598645995412701e-01
5.428291149829783668e-01
5.309529243420062494e-01
5.190767337010340210e-01
5.257101920007908324e-01
5.323436503005475329e-01
5.350469444144742015e-01
5.377502385284007591e-01
5.253946185050766271e-01
5.130389984817524951e-01
5.028558544822798737e-01
4.926727104828071413e-01
4.728872263893217909e-01
4.531017422958363849e-01
4.502509163059420505e-01
4.474000903160476605e-01
4.383657975011017172e-01
4.293315046861558293e-01
4.134917206585864147e-01
3.976519366310170001e-01
3.850035887554834058e-01
3.723552408799498670e-01
3.646141427592349271e-01
3.568730446385200983e-01
3.471489848410705958e-01
3.374249250436210934e-01
3.324789337995362470e-01
3.275329425554514007e-01
3.197036255070020982e-01
3.118743084585527958e-01
3.116192857491637547e-01
3.113642630397746580e-01
3.118568707278309704e-01
3.123494784158872828e-01
3.159509203471840832e-01
3.195523622784808837e-01
3.272359913269363152e-01
3.349196203753918022e-01
3.299808632186541635e-01
3.250421060619164693e-01
3.185552214011686534e-01
3.120683367404208930e-01
3.176926776058667246e-01
3.233170184713125561e-01
3.346190058547833801e-01
3.459209932382542596e-01
3.626117309284734302e-01
3.793024686186926009e-01
3.822928225312592909e-01
3.852831764438259254e-01
3.793211076589479425e-01
3.733590388740698485e-01
3.771214645084285388e-01
3.808838901427872292e-01
3.891852597309370942e-01
3.974866293190869593e-01
3.994758130852267830e-01
4.014649968513665512e-01
3.966853501389805414e-01
3.919057034265945871e-01
3.847234841316712894e-01
3.775412648367480473e-01
3.855473718520702753e-01
3.935534788673926698e-01
4.041987324512352764e-01
4.148439860350780495e-01
4.162511802557566365e-01
4.176583744764352235e-01
4.123051538486141587e-01
4.069519332207930384e-01
4.044236765603347883e-01
4.018954198998765381e-01
3.919357466466714124e-01
3.819760733934662866e-01
3.781410437350963827e-01
3.743060140767264232e-01
3.638443648686342513e-01
3.533827156605420794e-01
3.423584369963985075e-01
3.313341583322549910e-01
3.257159927559534762e-01
3.200978271796519059e-01
3.176565357791253930e-01
3.152152443785989355e-01
3.238954721511789758e-01
3.325756999237589051e-01
3.302411678311070742e-01
3.279066357384553543e-01
3.274225868093692537e-01
3.269385378802832642e-01
3.245227048366003397e-01
3.221068717929173597e-01
3.172231374213867472e-01
3.123394030498561347e-01
3.154593929441419364e-01
3.185793828384278492e-01
3.239420424077092964e-01
3.293047019769907990e-01
3.220522366929076674e-01
3.147997714088245358e-01
3.125157697202556317e-01
3.102317680316867277e-01
3.169002794316636007e-01
3.235687908316404182e-01
3.311416335296272773e-01
3.387144762276140808e-01
3.437654579827434942e-01
3.488164397378729076e-01
3.499238281536580786e-01
3.510312165694432496e-01
3.481814322759534397e-01
3.453316479824635188e-01
3.460234128703437717e-01
3.467151777582240801e-01
3.488901208899715112e-01
3.510650640217189422e-01
3.465136902464175939e-01
3.419623164711160790e-01
3.356907482481490956e-01
3.294191800251820013e-01
3.399352558192267337e-01
3.504513316132715217e-01
3.583301817220619911e-01
3.662090318308524051e-01
3.719260558205919054e-01
3.776430798103314612e-01
3.752573780399422465e-01
3.728716762695530873e-01
3.678308823290559193e-01
3.627900883885587513e-01
3.594386168914049384e-01
3.560871453942511811e-01
3.569581778012592688e-01
3.578292102082672455e-01
3.578071942759502022e-01
3.577851783436332145e-01
3.556748129998225649e-01
3.535644476560119154e-01
3.477314767747422541e-01
3.418985058934725374e-01
3.381120388432270474e-01
3.343255717929816684e-01
3.311351329961526035e-01
3.279446941993235942e-01
3.252404944286728106e-01
3.225362946580220269e-01
3.210783137919152042e-01
3.196203329258083814e-01
3.156824600642049172e-01
3.117445872026013975e-01
3.045853610154192204e-01
2.974261348282370987e-01
2.921211276718020944e-01
2.868161205153671456e-01
2.881933889354925671e-01
2.895706573556179331e-01
2.971891375957011472e-01
3.048076178357844168e-01
3.052282733279386706e-01
3.056489288200930909e-01
3.119258304756037381e-01
3.182027321311144408e-01
3.284738331236310427e-01
3.387449341161475891e-01
3.469618194262700239e-01
3.551787047363925143e-01
3.602534681750309553e-01
3.653282316136692298e-01
3.665895632343972310e-01
3.678508948551251767e-01
3.733782836158923146e-01
3.789056723766594525e-01
3.932009123536404083e-01
4.074961523306214750e-01
4.134065305652908640e-01
4.193169087999603084e-01
4.274526138318113788e-01
4.355883188636625047e-01
4.382642412959518174e-01
4.409401637282411301e-01
4.540480204840723344e-01
4.671558772399035941e-01
4.780726425251592415e-01
4.889894078104148334e-01
4.976131229211104290e-01
5.062368380318059691e-01
5.089893533059668407e-01
5.117418685801278233e-01
5.140600042345984111e-01
5.163781398890688878e-01
5.134878525328600007e-01
5.105975651766510026e-01
5.034892541253191967e-01
4.963809430739876127e-01
4.961234680113395523e-01
4.958659929486916029e-01
4.987209492893767693e-01
5.015759056300619356e-01
5.027185297796362695e-01
5.038611539292104924e-01
4.987052205853049203e-01
4.935492872413992926e-01
4.940605506315295936e-01
4.945718140216599501e-01
4.904643515783571606e-01
4.863568891350543710e-01
4.792612831276768515e-01
4.721656771202993319e-01
4.643454934711725435e-01
4.565253098220458106e-01
4.441265271802422032e-01
4.317277445384385404e-01
4.244677093867643691e-01
4.172076742350901979e-01
4.136422760027279599e-01
4.100768777703656665e-01
4.109012068048888966e-01
4.117255358394121267e-01
4.141799864291528244e-01
4.166344370188935220e-01
4.152899498779437093e-01
4.139454627369938411e-01
4.109324144295625203e-01
4.079193661221312550e-01
4.086520713614377742e-01
4.093847766007442934e-01
4.142284240785108484e-01
4.190720715562773480e-01
4.219174830461512871e-01
4.247628945360250596e-01
4.315159173710682583e-01
4.382689402061114015e-01
4.399048157737205922e-01
4.415406913413298384e-01
4.473710159895688543e-01
4.532013406378078146e-01
4.603336459704559513e-01
4.674659513031041436e-01
4.756994460404913583e-01
4.839329407778785175e-01
4.759784501282654512e-01
4.680239594786523849e-01
4.684607697132145976e-01
4.688975799477767548e-01
4.725325883278190808e-01
4.761675967078614069e-01
4.753754785774486624e-01
4.745833604470359735e-01
4.720498912594176533e-01
4.695164220717992221e-01
4.673633171131540420e-01
4.652102121545088065e-01
4.505459171320094214e-01
4.358816221095101473e-01
4.352616978391899427e-01
4.346417735688697381e-01
4.296424922613718556e-01
4.246432109538739175e-01
4.137845870461755449e-01
4.029259631384772278e-01
3.972872443031404410e-01
3.916485254678035988e-01
3.887721276990604435e-01
3.858957299303173993e-01
3.711025314058807867e-01
3.563093328814441740e-01
3.510755249254484123e-01
3.458417169694525950e-01
3.314946861788939381e-01
3.171476553883352811e-01
3.073111822711220853e-01
2.974747091539088895e-01
2.897739724594702859e-01
2.820732357650317934e-01
2.743849250274061902e-01
2.666966142897806424e-01
2.440625879516477581e-01
2.214285616135148738e-01
2.127014506983302966e-01
2.039743397831457472e-01
2.008814533158093385e-01
1.977885668484729853e-01
1.850168191272635598e-01
1.722450714060541066e-01
1.602943438282160016e-01
1.483436162503779243e-01
1.391135777802559037e-01
1.298835393101338553e-01
1.231521218084417335e-01
1.164207043067496256e-01
1.007328833080864822e-01
8.504506230942336653e-02
7.705463588877993486e-02
6.906420946813651707e-02
6.949373618010996900e-02
6.992326289208343482e-02
7.027016146714490374e-02
7.061706004220634492e-02
6.557605861638572675e-02
6.053505719056512246e-02
6.182650599832403837e-02
6.311795480608294040e-02
5.768275924879396471e-02
5.224756369150497515e-02
5.197062827066534219e-02
5.169369284982570922e-02
5.374734770120635774e-02
5.580100255258701319e-02
6.297894671695297708e-02
7.015689088131893403e-02
7.523426834447426159e-02
8.031164580762958916e-02
8.953469272664789369e-02
9.875773964566621210e-02
1.108401306736694208e-01
1.229225217016726157e-01
1.360594105091025297e-01
1.491962993165324713e-01
1.605746632319998979e-01
1.719530271474672967e-01
1.827992406029467221e-01
1.936454540584260919e-01
1.997897641948281622e-01
2.059340743312302602e-01
2.228568423181414571e-01
2.397796103050526817e-01
2.463534387646206802e-01
2.529272672241886788e-01
2.604505702429277259e-01
2.679738732616667174e-01
2.759735564472320379e-01
2.839732396327972475e-01
2.885103385903510786e-01
2.930474375479049098e-01
2.973400541270762587e-01
3.016326707062477186e-01
3.158552896107159058e-01
3.300779085151840375e-01
3.394665073844606584e-01
3.488551062537372793e-01
3.579010514705725510e-01
3.669469966874077671e-01
3.768417604069909110e-01
3.867365241265741105e-01
3.935218936534949363e-01
4.003072631804157622e-01
3.957959897794094406e-01
3.912847163784032301e-01
3.831220279819488317e-01
3.749593395854944888e-01
3.742085470959803373e-01
3.734577546064661302e-01
3.720371136606919760e-01
3.706164727149179328e-01
3.564163947218005890e-01
3.422163167286833008e-01
3.255828542207222509e-01
3.089493917127613121e-01
2.922374351086471922e-01
2.755254785045330723e-01
3.003726224200994332e-01
3.252197663356657942e-01
3.436849526088473494e-01
3.621501388820289047e-01
3.779053273109235223e-01
3.936605157398180843e-01
3.890187293225548237e-01
3.843769429052916187e-01
3.894786290261004202e-01
3.945803151469092218e-01
3.948194426309804550e-01
3.950585701150516327e-01
3.848859091555718037e-01
3.747132481960919748e-01
3.668289298309546087e-01
3.589446114658171871e-01
3.546594543473023387e-01
3.503742972287875457e-01
3.464047700824835485e-01
3.424352429361795513e-01
3.444729128873360580e-01
3.465105828384924536e-01
3.434179758562116991e-01
3.403253688739309446e-01
3.397554965660556925e-01
3.391856242581804959e-01
3.412044350688473449e-01
3.432232458795142493e-01
3.387687281694531927e-01
3.343142104593921915e-01
3.228964610686568815e-01
3.114787116779215159e-01
3.035963729499663866e-01
2.957140342220112572e-01
2.908985413394009067e-01
2.860830484567905008e-01
2.855161805383589213e-01
2.849493126199272863e-01
2.840251502950662532e-01
2.831009879702052201e-01
2.810189809805560546e-01
2.789369739909068890e-01
2.692233493722262505e-01
2.595097247535455565e-01
2.479131445277909518e-01
2.363165643020362638e-01
2.191063336619112345e-01
2.018961030217862052e-01
2.133612721033983084e-01
2.248264411850104394e-01
2.258305227927121239e-01
2.268346044004138917e-01
2.083241048096520498e-01
1.898136052188902079e-01
1.786016608186497545e-01
1.673897164184093289e-01
1.641444171287017306e-01
1.608991178389941323e-01
1.695635635491591353e-01
1.782280092593242216e-01
1.754862099791799357e-01
1.727444106990356498e-01
1.676586378724174708e-01
1.625728650457993474e-01
1.577015536673793128e-01
1.528302422889592505e-01
1.510940113115597505e-01
1.493577803341601951e-01
1.552498052482131352e-01
1.611418301622660754e-01
1.576418395848164233e-01
1.541418490073667436e-01
1.515141924993522182e-01
1.488865359913377484e-01
1.488553373937855084e-01
1.488241387962332962e-01
1.530747784488648289e-01
1.573254181014964170e-01
1.597639319944179903e-01
1.622024458873395358e-01
1.675888722710148493e-01
1.729752986546901350e-01
1.812965488523584079e-01
1.896177990500266808e-01
2.078820731624552720e-01
2.261463472748838355e-01
2.364037539082702311e-01
2.466611605416565434e-01
2.527089105059088792e-01
2.587566604701611594e-01
2.690349404269681277e-01
2.793132203837751515e-01
2.898614346588916924e-01
3.004096489340083442e-01
3.143700069577817779e-01
3.283303649815552117e-01
3.417885277113155151e-01
3.552466904410757631e-01
3.675490856271709794e-01
3.798514808132662512e-01
3.874855714098217607e-01
3.951196620063772702e-01
3.987452445341771456e-01
4.023708270619769656e-01
4.084353224969889951e-01
4.144998179320009135e-01
4.229454847839977938e-01
4.313911516359946186e-01
4.402458464143250150e-01
4.491005411926554114e-01
4.462599436226076799e-01
4.434193460525600594e-01
4.425474839581056696e-01
4.416756218636512799e-01
4.471742679205483739e-01
4.526729139774454680e-01
4.505388356486882406e-01
4.484047573199309022e-01
4.486039907454652531e-01
4.488032241709995485e-01
4.558575565629193749e-01
4.629118889548392568e-01
4.521047778911279624e-01
4.412976668274165570e-01
4.284310971965745729e-01
4.155645275657325888e-01
4.130367802209427008e-01
4.105090328761528129e-01
4.024446298315575987e-01
3.943802267869624956e-01
3.840307515925925341e-01
3.736812763982225172e-01
3.675205249729737722e-01
3.613597735477250272e-01
3.666774687483367323e-01
3.719951639489484929e-01
3.631408463851807378e-01
3.542865288214130937e-01
3.456523997696629991e-01
3.370182707179130155e-01
3.324176853384042674e-01
3.278170999588955747e-01
3.219995033318941435e-01
3.161819067048927123e-01
3.162923806447908714e-01
3.164028545846890861e-01
2.929310259971047992e-01
2.694591974095205122e-01
2.531050764411988396e-01
2.367509554728771670e-01
2.367168086974671959e-01
2.366826619220572525e-01
2.373012888500691808e-01
2.379199157780811924e-01
2.342872785114320511e-01
2.306546412447828820e-01
2.218553462632980033e-01
2.130560512818131247e-01
1.982521868074395566e-01
1.834483223330659052e-01
1.776768699788774664e-01
1.719054176246889998e-01
1.730086737394957719e-01
1.741119298543025162e-01
1.685883724365988823e-01
1.630648150188952206e-01
1.512999044105878543e-01
1.395349938022804881e-01
1.294210606382524553e-01
1.193071274742244225e-01
1.107861423649552229e-01
1.022651572556860233e-01
1.009692877834043462e-01
9.967341831112269679e-02
9.204560684610120502e-02
8.441779538107968550e-02
7.202105876762572578e-02
5.962432215417175912e-02
5.132885166926365317e-02
4.303338118435554027e-02
4.076037632542592326e-02
3.848737146649631319e-02
2.436042552390969840e-02
1.023347958132308361e-02
3.340303277767963340e-03
-3.552873025787156927e-03
-7.970105266464347013e-03
-1.238733750714153710e-02
-2.345701241778464646e-02
-3.452668732842776450e-02
-4.743823456512545611e-02
-6.034978180182316160e-02
-6.037102078743421946e-02
-6.039225977304527732e-02
-6.722604768498921524e-02
-7.405983559693313234e-02
-7.117381798190439146e-02
-6.828780036687563670e-02
-6.846422879769703540e-02
-6.864065722851842022e-02
-7.796004170239005659e-02
-8.727942617626169297e-02
-1.022301265110095586e-01
-1.171808268457574381e-01
-1.182800503461730046e-01
-1.193792738465885989e-01
-1.213042428539011786e-01
-1.232292118612137583e-01
-1.219583842412569619e-01
-1.206875566213001794e-01
-1.236577438812887925e-01
-1.266279311412774056e-01
-1.257969033468119557e-01
-1.249658755523465198e-01
-1.280663464948920416e-01
-1.311668174374375218e-01
-1.329331095878912017e-01
-1.346994017383448539e-01
-1.256422092913375976e-01
-1.165850168443303553e-01
-1.035469992676192885e-01
-9.050898169090822176e-02
-8.721295384906185832e-02
-8.391692600721550876e-02
-8.348992514474248838e-02
-8.306292428226946800e-02
-8.785731977459014519e-02
-9.265171526691082238e-02
-1.162186128856180778e-01
-1.397855105043253332e-01
-1.594569359537539310e-01
-1.791283614031825011e-01
-1.883059853875893308e-01
-1.974836093719961605e-01
-2.096855904673840532e-01
-2.218875715627719736e-01
-2.315031837781401092e-01
-2.411187959935082448e-01
-2.478567045144721148e-01
-2.545946130354359571e-01
-2.716560276801052720e-01
-2.887174423247746424e-01
-3.007555284437072873e-01
-3.127936145626399322e-01
-3.279858267543429573e-01
-3.431780389460460379e-01
-3.609740025832389176e-01
-3.787699662204316309e-01
-3.903692981549193308e-01
-4.019686300894069753e-01
-4.131631663357936968e-01
-4.243577025821804738e-01
-4.352852664927543413e-01
-4.462128304033281534e-01
-4.533144802636912551e-01
-4.604161301240543569e-01
-4.640688491218374345e-01
-4.677215681196205121e-01
-4.722322422406363129e-01
-4.767429163616522247e-01
-4.875902815922695810e-01
-4.984376468228869927e-01
-5.044546336695282518e-01
-5.104716205161695664e-01
-5.133216616333430293e-01
-5.161717027505166033e-01
-5.158065033645358177e-01
-5.154413039785550321e-01
-5.208108713178624116e-01
-5.261804386571696801e-01
-5.322921103601313542e-01
-5.384037820630930282e-01
-5.395281824437364593e-01
-5.406525828243798903e-01
-5.364162488112126370e-01
-5.321799147980453837e-01
-5.275156480885954124e-01
-5.228513813791454412e-01
-5.168706421764390768e-01
-5.108899029737328235e-01
-4.977966344041149238e-01
-4.847033658344971352e-01
-4.684942630887290460e-01
-4.522851603429608458e-01
-4.338960934799245828e-01
-4.155070266168883752e-01
-4.020763471558269075e-01
-3.886456676947653288e-01
-3.885752661355228454e-01
-3.885048645762804176e-01
-3.715837608357336896e-01
-3.546626570951869617e-01
-3.317207821893666808e-01
-3.087789072835463444e-01
-3.001956683164090367e-01
-2.916124293492717290e-01
-2.895487783172530083e-01
-2.874851272852342876e-01
-2.790320620822488995e-01
-2.705789968792635114e-01
-2.348332782320802781e-01
-1.990875595848971280e-01
-1.789169642128779214e-01
-1.587463688408587426e-01
-1.522231070678307929e-01
-1.456998452948028433e-01
-1.373989532041449968e-01
-1.290980611134870948e-01
-1.161398526493497979e-01
-1.031816441852125288e-01
-9.155952193185963595e-02
-7.993739967850674311e-02
-5.716600602446610807e-02
-3.439461237042546610e-02
-2.869449928073517994e-02
-2.299438619104489379e-02
-1.889856519671853641e-02
-1.480274420239217036e-02
-1.389563039008101172e-02
-1.298851657776985136e-02
-7.834674245565446254e-03
-2.680831913361044188e-03
4.984936611491796142e-03
1.265070513634463691e-02
2.179678535551498458e-02
3.094286557468533400e-02
3.515197814654991149e-02
3.936109071841450285e-02
3.860218260101425103e-02
3.784327448361400614e-02
3.797261064653507240e-02
3.810194680945612478e-02
3.699480832188418306e-02
3.588766983431223440e-02
2.999868598719122870e-02
2.410970214007021953e-02
1.139772375461789618e-02
-1.314254630834426306e-03
-1.168807682435606815e-02
-2.206189901787771260e-02
-3.158780117664515552e-02
-4.111370333541260191e-02
-4.290769698232998336e-02
-4.470169062924737174e-02
-4.576123580235194610e-02
-4.682078097545651352e-02
-5.118095716787299937e-02
-5.554113336028949216e-02
-7.110056766258207595e-02
-8.666000196487466667e-02
-8.912793770380333935e-02
-9.159587344273202592e-02
-9.948685242094525150e-02
-1.073778313991584771e-01
-1.188349193570087947e-01
-1.302920073148590985e-01
-1.345862585085298435e-01
-1.388805097022005608e-01
-1.392693345328488985e-01
-1.396581593634972085e-01
-1.363555808431604344e-01
-1.330530023228236325e-01
-1.417054057148327550e-01
-1.503578091068419054e-01
-1.513456322864931147e-01
-1.523334554661442963e-01
-1.455099814580360362e-01
-1.386865074499277761e-01
-1.390719998700740978e-01
-1.394574922902204750e-01
-1.415157434660767877e-01
-1.435739946419331559e-01
-1.410527695672762205e-01
-1.385315444926192852e-01
-1.357787048739815539e-01
-1.330258652553438503e-01
-1.294452911104956028e-01
-1.258647169656473830e-01
-1.262792610533118864e-01
-1.266938051409763621e-01
-1.249156645902873980e-01
-1.231375240395984477e-01
-1.168154101786388621e-01
-1.104932963176792626e-01
-1.009210872212158439e-01
-9.134887812475241120e-02
-8.317740493154164583e-02
-7.500593173833089433e-02
-7.657033815083673367e-02
-7.813474456334254525e-02
-7.497003604565410928e-02
-7.180532752796567331e-02
-6.834784448039879501e-02
-6.489036143283193059e-02
-6.373830711934383442e-02
-6.258625280585575212e-02
-5.556607631679860021e-02
-4.854589982774145523e-02
-4.004320791245113975e-02
-3.154051599716081733e-02
-1.977581296093567156e-02
-8.011109924710520594e-03
-3.092623031656287040e-03
1.825863861397947815e-03
-3.756017659677065093e-03
-9.337899180752076700e-03
-1.225332938861938177e-02
-1.516875959648668858e-02
-1.735918234924326356e-02
-1.954960510199983681e-02
-2.198039938491113537e-02
-2.441119366782243047e-02
-1.476052083575144641e-02
-5.109848003680464955e-03
1.656259543438405157e-03
8.422367090557275268e-03
1.449107228137531088e-02
2.055977747219334476e-02
2.026962727939816966e-02
1.997947708660298763e-02
1.074947902438863623e-02
1.519480962174282876e-03
-2.919330041867782607e-03
-7.358141045909847439e-03
-5.867625257774915573e-03
-4.377109469639982840e-03
-1.171334710895908203e-02
-1.904958474827818035e-02
-2.640600266826000422e-02
-3.376242058824182463e-02
-3.517856633536043526e-02
-3.659471208247905283e-02
-3.137147726526260533e-02
-2.614824244804615089e-02
-2.221310588345315820e-02
-1.827796931886016552e-02
-1.951677068469031065e-02
-2.075557205052045925e-02
-2.108072890920389963e-02
-2.140588576788734002e-02
-1.537061058762085805e-02
-9.335335407354377821e-03
1.477046525340757529e-03
1.228942845803589375e-02
1.663399486106851427e-02
2.097856126410114000e-02
2.335701179453513257e-02
2.573546232496912861e-02
3.595517309230145120e-02
4.617488385963376685e-02
6.161879463967947362e-02
7.706270541972516652e-02
8.019303956239702547e-02
8.332337370506887053e-02
8.645370784774072948e-02
