-5.250496677682922608e-02
-6.777494136481668208e-02
-8.235034382234426853e-02
-9.597194379046153356e-02
-1.084036388376747595e-01
-1.194362221738615171e-01
-1.288905931781144931e-01
-1.366203572724007109e-01
-1.425137738920976005e-01
-1.464950242171438599e-01
-1.485247836753365303e-01
-1.486000977468380502e-01
-1.467535730191687204e-01
-1.430519085016443148e-01
-1.375938046530610637e-01
-1.305072991663203397e-01
-1.219465890672379038e-01
-1.120884079238671227e-01
-1.011280347560787607e-01
-8.927501744203661382e-02
-7.674869793056496303e-02
-6.377362931313049210e-02
-5.057497574915950644e-02
-3.737398537319250313e-02
-2.438362367765808947e-02
-1.180445053185064097e-02
1.791819294842678101e-04
1.140254070007154508e-02
2.172347141078792565e-02
3.102485457187223461e-02
3.921651785161991977e-02
4.623657505165454373e-02
5.205217423292565759e-02
5.665964943518245200e-02
6.008408237208115454e-02
6.237829213420906238e-02
6.362128206161102306e-02
6.391618333751167280e-02
6.338774430503982260e-02
6.217942283952496152e-02
6.045014616599594937e-02
5.837080816832959651e-02
5.612057839673742499e-02
5.388309957944112383e-02
5.184265145075714343e-02
5.018035812284663000e-02
4.907051408617321697e-02
4.867710029006475092e-02
4.915055672531978836e-02
5.062487162884518610e-02
5.321504000376006682e-02
5.701493576657920559e-02
6.209563268279624793e-02
6.850419953373967918e-02
7.626298488031793554e-02
8.536939656724581993e-02
9.579617095861983622e-02
1.074921170219616251e-01
1.203833109840435622e-01
1.343747085560099419e-01
1.493521338389417197e-01
1.651845971254977952e-01
1.817268880369594386e-01
1.988223858809299582e-01
2.163060258588349882e-01
2.340073578414299804e-01
2.517536338828761933e-01
2.693728614484798278e-01
2.866967614483101334e-01
3.035635735316709605e-01
3.198206556132724421e-01
3.353268301552214670e-01
3.499544361833424322e-01
3.635910532183609378e-01
3.761408710847754522e-01
3.875256877454792415e-01
3.976855257149081169e-01
4.065788660421890688e-01
4.141825071448639317e-01
4.204910637355950831e-01
4.255161285507567115e-01
4.292851264061097183e-01
4.318398961322426066e-01
4.332350410617559211e-01
4.335360928532855374e-01
4.328175364698344518e-01
4.311607460306069450e-01
4.286518820021866238e-01
4.253797997877674097e-01
4.214340182389056944e-01
4.169027940040995750e-01
4.118713440166903439e-01
4.064202539066775755e-01
4.006241048114320691e-01
3.945503450896047370e-01
3.882584269545620304e-01
3.817992211920219203e-01
3.752147160712939744e-01
3.685379994634555567e-01
3.617935162050197606e-01
3.549975860498248981e-01
3.481591612850252204e-01
3.412807973880609413e-01
3.343598050953922041e-01
3.273895480489906751e-01
3.203608468726885095e-01
3.132634481764775547e-01
3.060875156396641872e-01
2.988251000075687891e-01
2.914715455521121878e-01
2.840267922719899030e-01
2.764965357986617356e-01
2.688932105642076742e-01
2.612367661906777050e-01
2.535552121746580401e-01
2.458849116467886342e-01
2.382706111526733672e-01
2.307651998880870525e-01
2.234291984800664543e-01
2.163299840855341383e-01
2.095407651296510576e-01
2.031393252795001547e-01
1.972065621037949190e-01
1.918248511743592954e-01
1.870762710007542184e-01
1.830407280510348567e-01
1.797940241116517124e-01
1.774059103092854028e-01
1.759381732084668026e-01
1.754427984840125354e-01
1.759602567411623075e-01
1.775179541352033541e-01
1.801288875641038068e-01
1.837905404305168744e-01
1.884840503710405735e-01
1.941736750258816480e-01
2.008065759816553830e-01
2.083129345876728322e-01
2.166064065558459817e-01
2.255849152481508024e-01
2.351317764798353804e-01
2.451171406693075372e-01
2.553997313933875635e-01
2.658288530013127593e-01
2.762466340369865714e-01
2.864904679406407029e-01
2.963956079596977711e-01
3.057978694904481820e-01
3.145363902764670705e-01
3.224563970670937252e-01
3.294119265306645339e-01
3.352684484427017608e-01
3.399053404282514901e-01
3.432181658083867104e-01
3.451207093415624705e-01
3.455467297995400422e-01
3.444513932953018331e-01
3.418123569905331394e-01
3.376304791421130824e-01
3.319301382775380338e-01
3.247591514855036054e-01
3.161882892300119652e-01
3.063103916001396199e-01
2.952390983473417441e-01
2.831072122936936220e-01
2.700647225779611027e-01
2.562765206090256154e-01
2.419198473948558081e-01
2.271815159987928545e-01
2.122549571464290297e-01
1.973371393848339095e-01
1.826254176178098987e-01
1.683143652613709740e-01
1.545926456572689067e-01
1.416399777434932117e-01
1.296242493233612236e-01
1.186988286326632613e-01
1.090001213295341553e-01
1.006454155940190442e-01
9.373105280952334639e-02
8.833095540662214140e-02
8.449553699355019654e-02
8.225101299963413770e-02
8.159912284820799999e-02
8.251726728953365231e-02
8.495905709980042242e-02
8.885526202716645394e-02
9.411514177504712308e-02
1.006281340861850671e-01
1.082658687505053952e-01
1.168844707174766795e-01
1.263271105497913716e-01
1.364267562960399804e-01
1.470090775567652053e-01
1.578954501255058485e-01
1.689060081414422709e-01
1.798626902124305926e-01
1.905922264578736314e-01
2.009290148633587625e-01
2.107178376992236701e-01
2.198163719823924833e-01
2.280974519887017105e-01
2.354510465710158151e-01
2.417859194137824408e-01
2.470309462536866285e-01
2.511360694064926902e-01
2.540728765433747371e-01
2.558347974331938168e-01
2.564369191856212815e-01
2.559154272695370880e-01
2.543266861203689055e-01
2.517459793725436157e-01
2.482659355497043585e-01
2.439946703154782515e-01
2.390536810418729396e-01
2.335755334135678207e-01
2.277013829908416109e-01
2.215783770525357188e-01
2.153569835995755299e-01
2.091882951011289904e-01
2.032213544073774025e-01
1.976005492486940518e-01
1.924631199196784881e-01
1.879368221514059190e-01
1.841377838634514486e-01
1.811685905280839559e-01
1.791166293527905740e-01
1.780527174835486448e-01
1.780300340471338838e-01
1.790833701889655016e-01
1.812287054299934475e-01
1.844631127700241124e-01
1.887649891134384472e-01
1.940946018919171567e-01
2.003949373088103891e-01
2.075928305263532725e-01
2.156003534475435524e-01
2.243164315874538184e-01
2.336286579518156714e-01
2.434152689000116665e-01
2.535472447087826486e-01
2.638904960024806012e-01
2.743080963925377258e-01
2.846625215763166628e-01
2.948178557734199012e-01
3.046419277025851358e-01
3.140083402885623931e-01
3.227983608883625566e-01
3.309026419817823195e-01
3.382227459145907833e-01
3.446724513386223432e-01
3.501788233791919280e-01
3.546830341898069561e-01
3.581409253370108070e-01
3.605233083028314134e-01
3.618160042075168059e-01
3.620196285518239021e-01
3.611491312705633616e-01
3.592331065971144932e-01
3.563128910885683398e-01
3.524414715874418791e-01
3.476822278419563483e-01
3.421075369262641663e-01
3.357972684590377899e-01
3.288372008891907727e-01
3.213173897884705754e-01
3.133305191612729690e-01
3.049702662628701599e-01
2.963297093301355822e-01
2.874998060061935146e-01
2.785679681245554207e-01
2.696167559603732666e-01
2.607227121154290783e-01
2.519553519448698431e-01
2.433763239280955781e-01
2.350387497079320098e-01
2.269867497477362217e-01
2.192551567624729525e-01
2.118694153432530702e-01
2.048456625890520411e-01
1.981909811542391375e-01
1.919038129807372484e-01
1.859745191673170817e-01
1.803860689863006350e-01
1.751148390319225701e-01
1.701315019076561630e-01
1.654019827549792765e-01
1.608884613062343816e-01
1.565503970119617450e-01
1.523455551406669717e-01
1.482310125587244787e-01
1.441641231428281433e-01
1.401034244210405955e-01
1.360094690370395043e-01
1.318455669346077219e-01
1.275784267089188073e-01
1.231786873063344945e-01
1.186213341106164554e-01
1.138859963642509243e-01
1.089571257722027620e-01
1.038240589561685023e-01
9.848096910711509611e-02
9.292671466325816421e-02
8.716459506549609215e-02
8.120202556481506684e-02
7.505014463578982276e-02
6.872336875467113804e-02
6.223891010622414899e-02
5.561627317631775980e-02
4.887674616284468088e-02
4.204290270109081740e-02
3.513812856604567325e-02
2.818618680742343563e-02
2.121083322612510313e-02
1.423549225421297248e-02
7.283001201953992476e-03
3.754285387640721172e-04
-6.466030561613905769e-03
-1.322108069584210233e-02
-1.987027653841838548e-02
-2.639490127305030298e-02
-3.277677980408591485e-02
-3.899803559437631240e-02
-4.504080193443285585e-02
-5.088690012244237448e-02
-5.651749838001499104e-02
-6.191276630640238365e-02
-6.705154025470763668e-02
-7.191101517695383527e-02
-7.646647822018670659e-02
-8.069109866263807218e-02
-8.455578766719593076e-02
-8.802913981903862095e-02
-9.107746653512246993e-02
-9.366492922440605717e-02
-9.575377758686817731e-02
-9.730469572169611614e-02
-9.827725583201799009e-02
-9.863047633183411045e-02
-9.832347815056943774e-02
-9.731623006421330491e-02
-9.557037103207333129e-02
-9.305009485628962240e-02
-8.972308007614293590e-02
-8.556144592511233382e-02
-8.054271347386862678e-02
-7.465074980782335223e-02
-6.787667228568070033e-02
-6.021968962806464876e-02
-5.168785681443699431e-02
-4.229872153248104283e-02
-3.207984122539170313e-02
-2.106915160553310407e-02
-9.315169822179308889e-03
3.122981750589753913e-03
1.617574195048543384e-02
2.976347479094268444e-02
4.379703442831853200e-02
5.817853057162655772e-02
7.280228960921389381e-02
8.755600252001524697e-02
1.023220464774785843e-01
1.169789630320699214e-01
1.314030719626794463e-01
1.454701964045668483e-01
1.590574717732985144e-01
1.720452083853346303e-01
1.843187755931332272e-01
1.957704737624597902e-01
2.063013595673794665e-01
2.158229898969621086e-01
2.242590501764921418e-01
2.315468341102640826e-01
2.376385437438352788e-01
2.425023812972899873e-01
2.461234073999339633e-01
2.485041441093650272e-01
2.496649053598425094e-01
2.496438421803156282e-01
2.484966950651888717e-01
2.462962511760083684e-01
2.431315094981700009e-01
2.391065625670266426e-01
2.343392088034504106e-01
2.289593147505386284e-01
2.231069514732697268e-01
2.169303339680977716e-01
2.105835965327363113e-01
2.042244405790887563e-01
1.980116942562758220e-01
1.921028254198728635e-01
1.866514508854398569e-01
1.818048855016470566e-01
1.777017743491655366e-01
1.744698503107839638e-01
1.722238573775951298e-01
1.710636773838586644e-01
1.710726944439513175e-01
1.723164272588716128e-01
1.748414547417488640e-01
1.786746551694763097e-01
1.838227734000965341e-01
1.902723247115145344e-01
1.979898376323873388e-01
2.069224318715238431e-01
2.169987212311700608e-01
2.281300253355753871e-01
2.402118682400156413e-01
2.531257366227908090e-01
2.667410654118695934e-01
2.809174144573585163e-01
2.955067963174499157e-01
3.103561124518813275e-01
3.253096531708122852e-01
3.402116156094043831e-01
3.549085938127322093e-01
3.692519957273665554e-01
3.831003434920869921e-01
3.963214158696799494e-01
4.087941949160619481e-01
4.204105829768337577e-01
4.310768607542972974e-01
4.407148624057691810e-01
4.492628493106841647e-01
4.566760701639549502e-01
4.629270012935144951e-01
4.680052674334779228e-01
4.719172494814277696e-01
4.746853919001986499e-01
4.763472282658269830e-01
4.769541488947143248e-01
4.765699393937483652e-01
4.752691232672675570e-01
4.731351452974890126e-01
4.702584352183616367e-01
4.667343931711891436e-01
4.626613395257959116e-01
4.581384718539158740e-01
4.532638711511407514e-01
4.481325978382727504e-01
4.428349156689089794e-01
4.374546784818357237e-01
4.320679108351727082e-01
4.267416090300804044e-01
4.215327839742879501e-01
4.164877618598683551e-01
4.116417528544340509e-01
4.070186920552516519e-01
4.026313509601436857e-01
3.984817117966156230e-01
3.945615913485063242e-01
3.908534955498303987e-01
3.873316811931727388e-01
3.839633967298285988e-01
3.807102704135167937e-01
3.775298110373572769e-01
3.743769842974602469e-01
3.712058264312405598e-01
3.679710562515597916e-01
3.646296470373695531e-01
3.611423209370540066e-01
3.574749305629006946e-01
3.535996952567074247e-01
3.494962630231890355e-01
3.451525732797141588e-01
3.405655002643216411e-01
3.357412620735888975e-01
3.306955857529353393e-01
3.254536245127269689e-01
3.200496288682076473e-01
3.145263791725854130e-01
3.089343925045913153e-01
3.033309220627939951e-01
2.977787719938992383e-01
2.923449548356524819e-01
2.870992223928086062e-01
2.821125038067863189e-01
2.774552867613324647e-01
2.731959791399911630e-01
2.693992889865192142e-01
2.661246603053130100e-01
2.634248010829726150e-01
2.613443379404408740e-01
2.599186290819655021e-01
2.591727637536587192e-01
2.591207723376101058e-01
2.597650665782242907e-01
2.610961243685200328e-01
2.630924281280190291e-01
2.657206602001852547e-01
2.689361530102523101e-01
2.726835860795869815e-01
2.768979165152547495e-01
2.815055244042231619e-01
2.864255497551774221e-01
2.915713933527434021e-01
2.968523502132363046e-01
3.021753413386478737e-01
3.074467072220820052e-01
3.125740251122892666e-01
3.174679114286710346e-01
3.220437709442011132e-01
3.262234554165862610e-01
3.299367962237025331e-01
3.331229782060957101e-01
3.357317252783831307e-01
3.377242723684853454e-01
3.390741027905698202e-01
3.397674351543532589e-01
3.398034492502647330e-01
3.391942459099728246e-01
3.379645415034395750e-01
3.361511033735035126e-01
3.338019380044915385e-01
3.309752489534109055e-01
3.277381864280608514e-01
3.241654147716751533e-01
3.203375279151429167e-01
3.163393460051303618e-01
3.122581288437905611e-01
3.081817434335941686e-01
3.041968237765844130e-01
3.003869611162244269e-01
2.968309620351233802e-01
2.936012102542727709e-01
2.907621656572024760e-01
2.883690310402389212e-01
2.864666134373382578e-01
2.850884026677399374e-01
2.842558851012906285e-01
2.839781056334450549e-01
2.842514856202109641e-01
2.850598991577129038e-01
2.863750047184169256e-01
2.881568238924148151e-01
2.903545539401772846e-01
2.929075961496249159e-01
2.957467777038137458e-01
2.987957409942260112e-01
3.019724711345938006e-01
3.051909299035415746e-01
3.083627625181829535e-01
3.113990425462340728e-01
3.142120199156719362e-01
3.167168373763159517e-01
3.188331818881811053e-01
3.204868392224572426e-01
3.216111225129426598e-01
3.221481485254908961e-01
3.220499389452484706e-01
3.212793279306890293e-01
3.198106614560901617e-01
3.176302784606714891e-01
3.147367684400980137e-01
3.111410047503535559e-01
3.068659574422797354e-01
3.019462938082498882e-01
2.964277789072813363e-01
2.903664920562193386e-01
2.838278785571441976e-01
2.768856587111107048e-01
2.696206183948066659e-01
2.621193071126750596e-01
2.544726704599895584e-01
2.467746443346757468e-01
2.391207380244962100e-01
2.316066324931945475e-01
2.243268188295756416e-01
2.173732999551948042e-01
2.108343763684622230e-01
2.047935340043113006e-01
1.993284492856781387e-01
1.945101232182237239e-01
1.904021530189571598e-01
1.870601463601071213e-01
1.845312799383550251e-01
1.828540008300824915e-01
1.820578660442233876e-01
1.821635129073718440e-01
1.831827504739302614e-01
1.851187601001011707e-01
1.879663916957531600e-01
1.917125410016319031e-01
1.963365925470266504e-01
2.018109127276465908e-01
2.081013776946938065e-01
2.151679214408536989e-01
2.229650905720152732e-01
2.314425937189480698e-01
2.405458353152563344e-01
2.502164254830410162e-01
2.603926599559764909e-01
2.710099662568128398e-01
2.820013146563320472e-01
2.932975946971444481e-01
3.048279601940394601e-01
3.165201475527500419e-01
3.283007739167801420e-01
3.400956230012380788e-01
3.518299274566683010e-01
3.634286571888999395e-01
3.748168232190228766e-01
3.859198063896219777e-01
3.966637195112637793e-01
4.069758104121800057e-01
4.167849118321403923e-01
4.260219422291835478e-01
4.346204593968440166e-01
4.425172663816973051e-01
4.496530666167655177e-01
4.559731625226648433e-01
4.614281891571015981e-01
4.659748718987511973e-01
4.695767947182274415e-01
4.722051633993368247e-01
4.738395462062862107e-01
4.744685730186221084e-01
4.740905729384320422e-01
4.727141298661714508e-01
4.703585355826497283e-01
4.670541204918504663e-01
4.628424433843821850e-01
4.577763233710810953e-01
4.519196994915951615e-01
4.453473063890055483e-01
4.381441578088740574e-01
4.304048334654729802e-01
4.222325689421861927e-01
4.137381526685695032e-01
4.050386385451671956e-01
3.962558873633691414e-01
3.875149546809343315e-01
3.789423471515093178e-01
3.706641733561574226e-01
3.628042188373523658e-01
3.554819781877683882e-01
3.488106796027783396e-01
3.428953391832595399e-01
3.378308834038886710e-01
3.337003784869098100e-01
3.305734049048381085e-01
3.285046138587737197e-01
3.275325003424469639e-01
3.276784243262994556e-01
3.289459077213479077e-01
3.313202301693604079e-01
3.347683414328040952e-01
3.392391023211817069e-01
3.446638598014112320e-01
3.509573553238112265e-01
3.580189585877802116e-01
3.657342121161780701e-01
3.739766652532865443e-01
3.826099696982614429e-01
3.914902025826100251e-01
4.004683775397077650e-01
4.093930993314767175e-01
4.181133135151511304e-01
4.264810994598819960e-01
4.343544528496831036e-01
4.416000027069287848e-01
4.480956079884931276e-01
4.537327799705191955e-01
4.584188789491909777e-01
4.620790372202540075e-01
4.646577648111085423e-01
4.661201999534340112e-01
4.664529727057841191e-01
4.656646573472046358e-01
4.637857970281954456e-01
4.608684925311715697e-01
4.569855556922400863e-01
4.522292368927550710e-01
4.467095448593151330e-01
4.405521856285777860e-01
4.338961557538271174e-01
4.268910324742568596e-01
4.196940104654743875e-01
4.124667407838569222e-01
4.053720325679689429e-01
3.985704818470537925e-01
3.922170943322683678e-01
3.864579702587161991e-01
3.814271191604495792e-01
3.772434708799096148e-01
3.740081461504264349e-01
3.718020457873261186e-01
3.706838119506085105e-01
3.706882081983596811e-01
3.718249572592102759e-01
3.740780667618864852e-01
3.774056637384931578e-01
3.817403487511976667e-01
3.869900701785256025e-01
3.930395087460859527e-01
3.997519520108857582e-01
4.069716284228294123e-01
4.145264610019587792e-01
4.222311917876417908e-01
4.298908202256430666e-01
4.373042917334560853e-01
4.442683669754575737e-01
4.505815980154385114e-01
4.560483345960731905e-01
4.604826823949613734e-01
4.637123352660926789e-01
4.655822052030735847e-01
4.659577770328865443e-01
4.647281196108827839e-01
4.618084914525087958e-01
4.571424861887584123e-01
4.507036718270697184e-01
4.424966873694743397e-01
4.325577706963510405e-01
4.209547025610460569e-01
4.077861628388869120e-01
3.931805066063075449e-01
3.772939789607886452e-01
3.603083985001332978e-01
3.424283498362253875e-01
3.238779352104540488e-01
3.048971440072426597e-01
2.857379065496700177e-01
2.666599048512504622e-01
2.479262178611749967e-01
2.297988820765007600e-01
2.125344501350307780e-01
1.963796301108036435e-01
1.815670867076730477e-01
1.683114824164523016e-01
1.568058320316164378e-01
1.472182378102750155e-01
1.396890651244533099e-01
1.343286098599613954e-01
1.312152992274763508e-01
1.303944572701092597e-01
1.318776553888497960e-01
1.356426568865105875e-01
1.416339530824966830e-01
1.497638772072260316e-01
1.599142712756456974e-01
1.719386706855978997e-01
1.856649615979600598e-01
2.008984574239454923e-01
2.174253331424163826e-01
2.350163498439363507e-01
2.534307969688102125e-01
2.724205762640034001e-01
2.917343495877254833e-01
3.111216723671518247e-01
3.303370357579439309e-01
3.491437433249826583e-01
3.673175522915800295e-01
3.846500149890229592e-01
4.009514629517015871e-01
4.160535839926985391e-01
4.298115513867342141e-01
4.421056737905070255e-01
4.528425445403347904e-01
4.619556792703609638e-01
4.694056411741631685e-01
4.751796634716001222e-01
4.792907885296135984e-01
4.817765524185327886e-01
4.826972522762495998e-01
4.821338415312828030e-01
4.801855046533971549e-01
4.769669685326020092e-01
4.726056117362833486e-01
4.672384356908403369e-01
4.610089632392168069e-01
4.540641300302442618e-01
4.465512328210817783e-01
4.386149960710368223e-01
4.303948142525172438e-01
4.220222222075838969e-01
4.136186397647930724e-01
4.052934298492848475e-01
3.971423016347898072e-01
3.892460820777986497e-01
3.816698706289053389e-01
3.744625832263094312e-01
3.676568830340705141e-01
3.612694869814643273e-01
3.553018291702517706e-01
3.497410548124342267e-01
3.445613116952501720e-01
3.397253003771313340e-01
3.351860395109794721e-01
3.308887989585896916e-01
3.267731507661008061e-01
3.227750866521840178e-01
3.188291504285722944e-01
3.148705347098275098e-01
3.108370933332168518e-01
3.066712240326905370e-01
3.023215800027656552e-01
2.977445739376222145e-01
2.929056438091960368e-01
2.877802559122035753e-01
2.823546273995501954e-01
2.766261574967110448e-01
2.706035636531903821e-01
2.643067258980813516e-01
2.577662494541994587e-01
2.510227620781438906e-01
2.441259684900338456e-01
2.371334895089781958e-01
2.301095180080754143e-01
2.231233274548078127e-01
2.162476715392865068e-01
2.095571151666880960e-01
2.031263378775551576e-01
1.970284505601841152e-01
1.913333651561045234e-01
1.861062549781131448e-01
1.814061403268762696e-01
1.772846303923260869e-01
1.737848480623330472e-01
1.709405593499671860e-01
1.687755238198010155e-01
1.673030767787982709e-01
1.665259482386969025e-01
1.664363178958588041e-01
1.670160997505573397e-01
1.682374446342489172e-01
1.700634439554773725e-01
1.724490135259819368e-01
1.753419324874756768e-01
1.786840092090794807e-01
1.824123436300509604e-01
1.864606539271511931e-01
1.907606346153172538e-01
1.952433132480760059e-01
1.998403737536851021e-01
2.044854160877251636e-01
2.091151242475922933e-01
2.136703177066638648e-01
2.180968648984453473e-01
2.223464414135727096e-01
2.263771199549468871e-01
2.301537837110823326e-01
2.336483595333906649e-01
2.368398720169296034e-01
2.397143241655035617e-01
2.422644146553317446e-01
2.444891056891370373e-01
2.463930589573285201e-01
2.479859602107875316e-01
2.492817553312927925e-01
2.502978225081424757e-01
2.510541061579901756e-01
2.515722385427910934e-01
2.518746746501731026e-01
2.519838648221954802e-01
2.519214878907709565e-01
2.517077652561694467e-01
2.513608734992121008e-01
2.508964698314852804e-01
2.503273410554720524e-01
2.496631828307130097e-01
2.489105120313581387e-01
2.480727109460073299e-01
2.471501981236255696e-01
2.461407169176289267e-01
2.450397293261495080e-01
2.438408996636436676e-01
2.425366500101071299e-01
2.411187673387460151e-01
2.395790407756707985e-01
2.379099066343171864e-01
2.361050787137963514e-01
2.341601418573366067e-01
2.320730879194979612e-01
2.298447750564913405e-01
2.274792935835674712e-01
2.249842244724411244e-01
2.223707798117901813e-01
2.196538181349505237e-01
2.168517313316857542e-01
2.139862037992410759e-01
2.110818484417728846e-01
2.081657279856594933e-01
2.052667737319906205e-01
2.024151172124416254e-01
1.996413531540954522e-01
1.969757546061670916e-01
1.944474629632197138e-01
1.920836768761851332e-01
1.899088646315425233e-01
1.879440244751620359e-01
1.862060165538715617e-01
1.847069886567815067e-01
1.834539157905230311e-01
1.824482708665541020e-01
1.816858404802464688e-01
1.811566960016864070e-01
1.808453260715399968e-01
1.807309322076386671e-01
1.807878846933122785e-01
1.809863313567601495e-01
1.812929473842916639e-01
1.816718100609069075e-01
1.820853784174954193e-01
1.824955542960920718e-01
1.828647984245267699e-01
1.831572728081658219e-01
1.833399791729470596e-01
1.833838623870382711e-01
1.832648477857247993e-01
1.829647821429652710e-01
1.824722496698712171e-01
1.817832368504615215e-01
1.809016231028036381e-01
1.798394781134263487e-01
1.786171511502961107e-01
1.772631426134247679e-01
1.758137534164488092e-01
1.743125133794956871e-01
1.728093955166213058e-01
1.713598287777413909e-01
1.700235273108216816e-01
1.688631595020993748e-01
1.679428847923093160e-01
1.673267904258457228e-01
1.670772637500635149e-01
1.672533383411147490e-01
1.679090540063297443e-01
1.690918715370113012e-01
1.708411829176591235e-01
1.731869565198277672e-01
1.761485546273598712e-01
1.797337574857556797e-01
1.839380239976512732e-01
1.887440142780467400e-01
1.941213936384539041e-01
2.000269313099304058e-01
2.064049004798690079e-01
2.131877791596142602e-01
2.202972441835876205e-01
2.276454434368529733e-01
2.351365243912599545e-01
2.426683903737535120e-01
2.501346498621700443e-01
2.574267186624665804e-01
2.644360302121289141e-01
2.710563056056012332e-01
2.771858323566344096e-01
2.827296994836746569e-01
2.876019362861341744e-01
2.917275032022219605e-01
2.950440854045842665e-01
2.975036432704478706e-01
2.990736785010016385e-01
2.997381803745756690e-01
2.994982232869271011e-01
2.983721942219548229e-01
2.963956369476918873e-01
2.936207083671439344e-01
2.901152513782950804e-01
2.859614976087913041e-01
2.812544222789102877e-01
2.760997820009050141e-01
2.706118743369083646e-01
2.649110652133835897e-01
2.591211366431875884e-01
2.533665124703536886e-01
2.477694238836852525e-01
2.424470791251797930e-01
2.375089030594044470e-01
2.330539120132663899e-01
2.291682875188535140e-01
2.259232093066772806e-01
2.233730031493328105e-01
2.215536530275804272e-01
2.204817196967634174e-01
2.201536992172189178e-01
2.205458455522696093e-01
2.216144711307832249e-01
2.232967285381764755e-01
2.255118654762306718e-01
2.281629340651312454e-01
2.311389247032062666e-01
2.343172843030562891e-01
2.375667690332833037e-01
2.407505729472411982e-01
2.437296662912483980e-01
2.463662710491036634e-01
2.485273965648384931e-01
2.500883550271063571e-01
2.509361752970501458e-01
2.509728340794341594e-01
2.501182257968095346e-01
2.483127967098329447e-01
2.455197747734540747e-01
2.417269343277058391e-01
2.369478438532911235e-01
2.312225554995345489e-01
2.246177067057982535e-01
2.172260167484117155e-01
2.091651741906776774e-01
2.005761247121319035e-01
1.916207823509200325e-01
1.824792005096587955e-01
1.733462518505970718e-01
1.644278781475173312e-01
1.559369819905286614e-01
1.480890416967328982e-01
1.410975386318966407e-01
1.351692921946273940e-01
1.304998017906824070e-01
1.272686971072755913e-01
1.256353978060550103e-01
1.257350813558128777e-01
1.276750531368418817e-01
1.315316062313516554e-01
1.373474495791906780e-01
1.451297725818041229e-01
1.548490019793191952e-01
1.664382931445849978e-01
1.797937831070034742e-01
1.947756169402596604e-01
2.112097429464552534e-01
2.288904556855898276e-01
2.475836496834461775e-01
2.670307309536454898e-01
2.869531186354851160e-01
3.070572554087925843e-01
3.270400332098039042e-01
3.465945304190912735e-01
3.654159483703385281e-01
3.832076289432787553e-01
3.996870313161023924e-01
4.145915447734475068e-01
4.276840158547277060e-01
4.387578720888738459e-01
4.476417310455440557e-01
4.542033923349627633e-01
4.583531213515957825e-01
4.600461467735899035e-01
4.592843088471000312e-01
4.561168120079027721e-01
4.506400530925628312e-01
4.429965149097562227e-01
4.333727339000437162e-01
4.219963696169551914e-01
4.091324224163318535e-01
3.950786636504964866e-01
3.801603594469574743e-01
3.647243844460159590e-01
3.491328353439605570e-01
3.337562654399058859e-01
3.189666703582122453e-01
3.051303615060615426e-01
2.926008674710358637e-01
2.817120043666605511e-01
2.727712540539927177e-01
2.660535842237745641e-01
2.617958365960582068e-01
2.601917991211173398e-01
2.613880652419487971e-01
2.654807682525476276e-01
2.725132618530134998e-01
2.824747994999362577e-01
2.953002454509557895e-01
3.108708299057756363e-01
3.290159397711985845e-01
3.495159157542543360e-01
3.721058061458144550e-01
3.964800082201284104e-01
4.222977100496230207e-01
4.491890290998775681e-01
4.767617295742027084e-01
5.046083884269932929e-01
5.323138705186429842e-01
5.594629667476604951e-01
5.856480453152427268e-01
6.104765656402927343e-01
6.335783068718522371e-01
6.546121684003650687e-01
6.732724081450142117e-01
6.892941955261907561e-01
7.024583696965934765e-01
7.125953095246574387e-01
7.195878396753586648e-01
7.233731165502556015e-01
7.239434584317688826e-01
7.213461055019217971e-01
7.156819170325986468e-01
7.071030345253369598e-01
6.958095604687869473e-01
6.820453222480191702e-01
6.660928091696417530e-01
6.482673871776946095e-01
6.289109102827700193e-01
6.083848597111729539e-01
5.870631510539867648e-01
5.653247560662503224e-01
5.435462891034380517e-01
5.220947084190242782e-01
5.013202796810933837e-01
4.815499431607580538e-01
4.630812172273783833e-01
4.461767592430246898e-01
4.310596909262323084e-01
4.179097790495773790e-01
4.068605442892910817e-01
3.979973515386115990e-01
3.913565144406719876e-01
3.869254257236934835e-01
3.846437035757380718e-01
3.844053232257002017e-01
3.860616825425012832e-01
3.894255312505002786e-01
3.942756756859969736e-01
4.003623552540156449e-01
4.074131732119478100e-01
4.151394533847339030e-01
4.232428861290956634e-01
4.314223214775015913e-01
4.393805650099417148e-01
4.468310326633213592e-01
4.535041243699075020e-01
4.591531830295764172e-01
4.635599147155966548e-01
4.665391579818953804e-01
4.679429044189808984e-01
4.676634888855764061e-01
4.656358857719183897e-01
4.618390668431991974e-01
4.562963962570603105e-01
4.490750588199988735e-01
4.402845380093673988e-01
4.300741803074830116e-01
4.186299015505419163e-01
4.061701088859351882e-01
3.929409281841593771e-01
3.792108410291624709e-01
3.652648474205340001e-01
3.513982798187947898e-01
3.379104009620907956e-01
3.250979218481186983e-01
3.132485773392115203e-01
3.026348950034513097e-01
2.935082881046093828e-01
2.860935962133820398e-01
2.805841869042511316e-01
2.771377196526108033e-01
2.758726586305049189e-01
2.768656049338715786e-01
2.801495012125172490e-01
2.857127430968877668e-01
2.934992126231412701e-01
3.034092294609417317e-01
3.153013965594928525e-01
3.289952982522954539e-01
3.442749912899958353e-01
3.608932130695033935e-01
3.785762168306950892e-01
3.970291310951840069e-01
4.159417303756970385e-01
4.349944963906722251e-01
4.538648438238142013e-01
4.722333821630773087e-01
4.897900853700373203e-01
5.062402440425870509e-01
5.213100802574799353e-01
5.347519132752823756e-01
5.463487745677023666e-01
5.559183829475885519e-01
5.633164046648050372e-01
5.684389388608661609e-01
5.712241854075075231e-01
5.716532695243552453e-01
5.697502153011135828e-01
5.655810779583438919e-01
5.592522619901876269e-01
5.509080688766098133e-01
5.407275334862626792e-01
5.289206222955962211e-01
5.157238788410997143e-01
5.013956121551861322e-01
4.862107321127869808e-01
4.704553414845408232e-01
4.544211979545734748e-01
4.384001603706287886e-01
4.226787320598929254e-01
4.075328102265883823e-01
3.932227443598484973e-01
3.799887983834185912e-01
3.680471011774764101e-01
3.575861583417974110e-01
3.487639849266093162e-01
3.417059046378109199e-01
3.365030460519056188e-01
3.332115509907503936e-01
3.318524947498497912e-01
3.324125026866235899e-01
3.348450330869070513e-01
3.390722825516137018e-01
3.449876576695823926e-01
3.524587457254302336e-01
3.613307078552929763e-01
3.714300105908848737e-01
3.825684062616262482e-01
3.945470693473586143e-01
4.071607946339720341e-01
4.202021639160526956e-01
4.334655909615059421e-01
4.467511594037674172e-01
4.598681750150673819e-01
4.726383622567310594e-01
4.848986448820346018e-01
4.965034614360487319e-01
5.073265784836172854e-01
5.172623770120157172e-01
5.262266003990240248e-01
5.341565653063932162e-01
5.410108495524583727e-01
5.467684831453617500e-01
5.514276799459861822e-01
5.550041576258941678e-01
5.575291024671668039e-01
5.590468429279084051e-01
5.596123016163151442e-01
5.592882992648532392e-01
5.581427864039566478e-01
5.562460786751791675e-01
5.536681701142399659e-01
5.504761953353337622e-01
5.467321064611744275e-01
5.424906240088880338e-01
5.377975129353791406e-01
5.326882258731938657e-01
5.271869454807346367e-01
5.213060470405358471e-01
5.150459912317372213e-01
5.083956456510989597e-01
5.013330224354192177e-01
4.938264085163304173e-01
4.858358548741319449e-01
4.773149818911334163e-01
4.682130497546851400e-01
4.584772360156323945e-01
4.480550570272824329e-01
4.368968661954979460e-01
4.249583598464933276e-01
4.122030211095730756e-01
3.986044335210250367e-01
3.841483990456220354e-01
3.688347998071583866e-01
3.526791489051364081e-01
3.357137831222606339e-01
3.179886589171809774e-01
2.995717226422655033e-01
2.805488361989263435e-01
2.610232500984583925e-01
2.411146268792376535e-01
2.209576287815856188e-01
2.007000942411981959e-01
1.805008378797370028e-01
1.605271180092247840e-01
1.409518240061894689e-01
1.219504430566879238e-01
1.036978715572010323e-01
8.636514074362497406e-02
7.011612881082737725e-02
5.510433281530210947e-02
4.146977299857232402e-02
2.933609984338866883e-02
1.880797023106686727e-02
9.968753596325652389e-03
2.878622100421474039e-03
-2.426929279037010057e-03
-5.938096027552047795e-03
-7.671284065776856620e-03
-7.669120399874190808e-03
-5.999949481700600495e-03
-2.756821489544425408e-03
1.944010199607132394e-03
7.965054383053365994e-03
1.514997220325600691e-02
2.332634481884970912e-02
3.230876306749017046e-02
4.190217662359171924e-02
5.190543454099397214e-02
6.211494495551214690e-02
7.232837919316278952e-02
8.234834463856502418e-02
9.198595147948077089e-02
1.010642008352446719e-01
1.094211257399870518e-01
1.169126218920157612e-01
1.234149118716657278e-01
1.288265945148437674e-01
1.330702401257892464e-01
1.360935020159565745e-01
1.378697252450782063e-01
1.383980441821820173e-01
1.377029713588627524e-01
1.358334908136309138e-01
1.328616794882294394e-01
1.288808900077277053e-01
1.240035371440173784e-01
1.183585382346473425e-01
1.120884646370264026e-01
1.053464668006095228e-01
9.829303962586868892e-02
9.109269737045419535e-02
8.391062841605437250e-02
7.690939971512286699e-02
7.024577872086792962e-02
6.406773712676197552e-02
5.851169589586771580e-02
5.370006496807319674e-02
4.973912384455272950e-02
4.671728113646375635e-02
4.470374232139398551e-02
4.374760558341631023e-02
4.387739593767533974e-02
4.510103807993101621e-02
4.740625877676471478e-02
5.076140033921652805e-02
5.511661800713210657e-02
6.040542610418372926e-02
6.654655077596091650e-02
7.344604114423933239e-02
8.099958592195774520e-02
8.909497902915256007e-02
9.761467559309042197e-02
1.064383789372009004e-01
1.154455997620175978e-01
1.245181306640910923e-01
1.335423823618412664e-01
1.424115324075218292e-01
1.510274426422743843e-01
1.593023080533827185e-01
1.671600068560860908e-01
1.745371293673942115e-01
1.813836713753742280e-01
1.876633860363947914e-01
1.933537966545059994e-01
1.984458808136257690e-01
2.029434440536530271e-01
2.068622084266915906e-01
2.102286476755501343e-01
2.130786062992642005e-01
2.154557442878735907e-01
2.174098527247443069e-01
2.189950877004024077e-01
2.202681710170414642e-01
2.212866059770200733e-01
2.221069551607761927e-01
2.227832245575531445e-01
2.233653947915471283e-01
2.238981355874573309e-01
2.244197341667401868e-01
2.249612621027054227e-01
2.255459984486594960e-01
2.261891198605675835e-01
2.268976611441101132e-01
2.276707423491172999e-01
2.285000513949028977e-01
2.293705644154539758e-01
2.302614797317419082e-01
2.311473357440433085e-01
2.319992782273531950e-01
2.327864386245750150e-01
2.334773820588109394e-01
2.340415819960988408e-01
2.344508778247098857e-01
2.346808720902842371e-01
2.347122257231512299e-01
2.345318122731214483e-01
2.341336958592716566e-01
2.335199021543956366e-01
2.327009571400382726e-01
2.316961744528896749e-01
2.305336787450180391e-01
2.292501594345484894e-01
2.278903563569310287e-01
2.265062859623706848e-01
2.251562236647005333e-01
2.239034645574095317e-01
2.228148908084896795e-01
2.219593794742789339e-01
2.214060890965511563e-01
2.212226671490238605e-01
2.214734230835081752e-01
2.222175133209101927e-01
2.235071849929826937e-01
2.253861245492585208e-01
2.278879555096533227e-01
2.310349267040878452e-01
2.348368283599700790e-01
2.392901684655300565e-01
2.443776360638937051e-01
2.500678716519935119e-01
2.563155578198144102e-01
2.630618358328840056e-01
2.702350462080239657e-01
2.777517836389706840e-01
2.855182490758785274e-01
2.934318745298664100e-01
3.013831894327441141e-01
3.092578912942069991e-01
3.169390781108502031e-01
3.243095956220272136e-01
3.312544491844873207e-01
3.376632278348510319e-01
3.434324870846879874e-01
3.484680371785856545e-01
3.526870849446425149e-01
3.560201799548859958e-01
3.584129194383354200e-01
3.598273711737044467e-01
3.602431793293928708e-01
3.596583247906557368e-01
3.580895187734152163e-01
3.555722163108725464e-01
3.521602443401428140e-01
3.479250474304140806e-01
3.429545624960621542e-01
3.373517419420729579e-01
3.312327524134378587e-01
3.247248834915843485e-01
3.179642071381861834e-01
3.110930342845593666e-01
3.042572195770745225e-01
2.976033688113950415e-01
2.912760059409945645e-01
2.854147576745499348e-01
2.801516135560138121e-01
2.756083180518715814e-01
2.718939485815377033e-01
2.691027296754487930e-01
2.673121286133196550e-01
2.665812720883623532e-01
2.669497167896148770e-01
2.684365994399849908e-01
2.710401839336051832e-01
2.747378149555277371e-01
2.794862790202874425e-01
2.852225654176018255e-01
2.918650112871089553e-01
2.993148071385026698e-01
3.074578317590636045e-01
3.161667787652105988e-01
3.253035312003189627e-01
3.347217356805607391e-01
3.442695237451701695e-01
3.537923253547462510e-01
3.631357179528998946e-01
3.721482541882634720e-01
3.806842122841856968e-01
3.886062151142635201e-01
3.957876672392283135e-01
4.021149634061305100e-01
4.074894272031441833e-01
4.118289445814282690e-01
4.150692636607780095e-01
4.171649394756726803e-01
4.180899099296955246e-01
4.178376970392533307e-01
4.164212353893023133e-01
4.138723374226714879e-01
4.102408125736628497e-01
4.055932641777104664e-01
4.000115943958020281e-01
3.935912529542942018e-01
3.864392702049244122e-01
3.786721187639883190e-01
3.704134507239448260e-01
3.617917590989577770e-01
3.529380127465269190e-01
3.439833135035341716e-01
3.350566227143715325e-01
3.262826017624820274e-01
3.177796077178987044e-01
3.096578808756988987e-01
3.020179558949653842e-01
2.949493225812493957e-01
2.885293562259659828e-01
2.828225309706386970e-01
2.778799230545797583e-01
2.737390041851853750e-01
2.704237187922803320e-01
